3637.275023 2.970453e-17 3.624533e-18 
3640.221972 4.697953e-17 4.533388e-18 
3643.168920 3.873405e-17 4.093931e-18 
3646.115869 4.252014e-17 4.265917e-18 
3649.062818 3.962329e-17 4.095484e-18 
3652.009766 2.647807e-17 3.329512e-18 
3654.956715 2.316521e-17 3.097092e-18 
3657.903664 3.402964e-17 3.732959e-18 
3660.850613 4.066588e-17 4.058049e-18 
3663.797561 4.400986e-17 4.198006e-18 
3666.744510 2.546138e-17 3.175139e-18 
3669.691459 4.281754e-17 4.094247e-18 
3672.638407 2.965684e-17 3.388085e-18 
3675.585356 1.761819e-17 2.596500e-18 
3678.532305 1.556335e-17 2.426399e-18 
3681.479254 5.680519e-17 4.608873e-18 
3684.426202 8.267839e-17 5.528078e-18 
3687.373151 8.847272e-17 5.685229e-18 
3690.320100 7.443376e-17 5.184193e-18 
3693.267049 3.854496e-17 3.708696e-18 
3696.213997 3.416611e-17 3.471085e-18 
3699.160946 2.862729e-17 3.158470e-18 
3702.107895 3.133284e-17 3.284699e-18 
3705.054843 4.395010e-17 3.867008e-18 
3708.001792 5.738583e-17 4.392258e-18 
3710.948741 4.573135e-17 3.897396e-18 
3713.895690 5.525224e-17 4.258111e-18 
3719.789587 2.901044e-17 3.048231e-18 
3722.736536 7.614154e-17 4.908369e-18 
3725.683484 4.225915e-17 3.634441e-18 
3731.577382 4.409180e-17 3.667300e-18 
3734.524331 4.097788e-17 3.513850e-18 
3737.471279 1.390471e-17 2.034363e-18 
3740.418228 3.063035e-17 3.000969e-18 
3743.365177 6.602352e-17 4.378974e-18 
3746.312125 7.659679e-17 4.687769e-18 
3749.259074 6.856089e-17 4.407963e-18 
3752.206023 4.623904e-17 3.597863e-18 
3755.152972 4.625180e-17 3.576411e-18 
3758.099920 7.811831e-17 4.619611e-18 
3763.993818 4.464304e-17 3.449920e-18 
3766.940766 1.012533e-16 5.164108e-18 
3769.887715 4.497928e-17 3.421062e-18 
3772.834664 4.357930e-17 3.347069e-18 
3775.781613 3.752423e-17 3.087144e-18 
3778.728561 9.842072e-17 4.969672e-18 
3781.675510 1.238206e-16 5.540792e-18 
3784.622459 5.214731e-17 3.574294e-18 
3787.569407 4.271693e-17 3.215745e-18 
3790.516356 2.758733e-17 2.568932e-18 
3793.463305 2.818977e-18 8.163362e-19 
3796.410254 6.003577e-17 3.745101e-18 
3808.198049 5.436752e-17 3.481547e-18 
3811.144997 6.925803e-17 3.906843e-18 
3814.091946 6.567083e-17 3.782486e-18 
3817.038895 5.165640e-17 3.335533e-18 
3819.985843 4.518286e-17 3.101802e-18 
3822.932792 5.480053e-17 3.396692e-18 
3825.879741 5.466069e-17 3.373265e-18 
3828.826690 4.070826e-17 2.894782e-18 
3831.773638 3.841499e-17 2.796403e-18 
3834.720587 3.463229e-17 2.640450e-18 
3837.667536 3.763901e-17 2.737521e-18 
3840.614484 3.138469e-17 2.486061e-18 
3843.561433 5.759177e-17 3.349354e-18 
3846.508382 1.125267e-16 4.656398e-18 
3849.455331 7.922823e-17 3.886132e-18 
3852.402279 4.312957e-17 2.851899e-18 
3855.349228 3.803942e-17 2.664075e-18 
3858.296177 6.242869e-17 3.394833e-18 
3861.243125 8.380283e-17 3.912608e-18 
3864.190074 4.958174e-17 2.993799e-18 
3873.030920 6.533869e-17 3.383805e-18 
3875.977869 8.402330e-17 3.817692e-18 
3878.924818 5.717160e-17 3.133185e-18 
3881.871766 6.082346e-17 3.215441e-18 
3884.818715 5.255425e-17 2.973937e-18 
3887.765664 4.388763e-17 2.704183e-18 
3890.712613 3.127501e-17 2.271510e-18 
3893.659561 5.070789e-17 2.878184e-18 
3896.606510 5.366006e-17 2.946356e-18 
3899.553459 4.049461e-17 2.547128e-18 
3902.500407 3.490696e-17 2.353502e-18 
3905.447356 3.593884e-17 2.376625e-18 
3908.394305 3.523875e-17 2.342193e-18 
3911.341254 3.785013e-17 2.415980e-18 
3914.288202 4.553684e-17 2.637558e-18 
3917.235151 4.301095e-17 2.551434e-18 
3920.182100 4.292530e-17 2.537109e-18 
3923.129049 5.193530e-17 2.777887e-18 
3926.075997 5.034713e-17 2.722605e-18 
3929.022946 5.551480e-17 2.845961e-18 
3931.969895 6.213355e-17 2.997283e-18 
3934.916843 5.507680e-17 2.809325e-18 
3937.863792 5.638641e-17 2.829898e-18 
3940.810741 5.076334e-17 2.673236e-18 
3943.757690 4.139162e-17 2.403309e-18 
3946.704638 5.296959e-17 2.706889e-18 
3949.651587 6.351550e-17 2.951299e-18 
3952.598536 5.332962e-17 2.692688e-18 
3955.545484 5.088389e-17 2.618983e-18 
3958.492433 5.050979e-17 2.598263e-18 
3961.439382 5.200076e-17 2.625216e-18 
3964.386331 7.435142e-17 3.125947e-18 
3967.333279 6.351569e-17 2.877173e-18 
3970.280228 4.620316e-17 2.443776e-18 
3973.227177 5.776763e-17 2.721320e-18 
3976.174125 5.577372e-17 2.663026e-18 
3979.121074 5.310708e-17 2.588042e-18 
3982.068023 5.236746e-17 2.559598e-18 
3985.014972 3.833540e-17 2.181213e-18 
3987.961920 5.917675e-17 2.699241e-18 
3990.908869 5.191681e-17 2.518251e-18 
3993.855818 6.713044e-17 2.852295e-18 
3996.802766 5.380181e-17 2.543512e-18 
3999.749715 4.825807e-17 2.399559e-18 
4002.696664 3.476127e-17 2.029467e-18 
4005.643613 4.178559e-17 2.217488e-18 
4008.590561 4.893934e-17 2.391669e-18 
4011.537510 5.447170e-17 2.514732e-18 
4014.484459 3.378622e-17 1.973878e-18 
4017.431408 4.027749e-17 2.148009e-18 
4020.378356 5.003813e-17 2.386271e-18 
4023.325305 4.762639e-17 2.320423e-18 
4026.272254 3.836997e-17 2.075978e-18 
4029.219202 4.212437e-17 2.168139e-18 
4032.166151 5.413048e-17 2.449877e-18 
4035.113100 5.713959e-17 2.509021e-18 
4038.060049 5.132790e-17 2.370469e-18 
4041.006997 4.729490e-17 2.268275e-18 
4043.953946 4.869253e-17 2.294351e-18 
4046.900895 5.915731e-17 2.521054e-18 
4049.847843 5.805420e-17 2.489734e-18 
4052.794792 5.304576e-17 2.372622e-18 
4055.741741 4.825211e-17 2.255991e-18 
4058.688690 4.819617e-17 2.247865e-18 
4061.635638 4.086455e-17 2.063625e-18 
4064.582587 5.534066e-17 2.394316e-18 
4067.529536 5.536451e-17 2.387732e-18 
4070.476484 3.480748e-17 1.887666e-18 
4073.423433 4.216306e-17 2.071487e-18 
4076.370382 4.773660e-17 2.197745e-18 
4079.317331 5.470417e-17 2.345879e-18 
4082.264279 5.871648e-17 2.423413e-18 
4085.211228 4.216650e-17 2.047817e-18 
4088.158177 2.372239e-17 1.531633e-18 
4091.105125 4.463139e-17 2.094940e-18 
4094.052074 4.232176e-17 2.034310e-18 
4096.999023 4.484296e-17 2.088210e-18 
4099.945972 4.886898e-17 2.173918e-18 
4102.892920 4.364184e-17 2.048732e-18 
4105.839869 6.185265e-17 2.432358e-18 
4108.786818 6.297347e-17 2.447652e-18 
4111.733766 7.379752e-17 2.642540e-18 
4114.680715 4.544921e-17 2.068241e-18 
4117.627664 5.572084e-17 2.283976e-18 
4120.574613 4.457604e-17 2.037444e-18 
4123.521561 4.469694e-17 2.034854e-18 
4126.468510 3.734746e-17 1.855203e-18 
4129.415459 3.709019e-17 1.844015e-18 
4132.362407 5.123996e-17 2.161824e-18 
4135.309356 4.480893e-17 2.016445e-18 
4138.256305 2.724401e-17 1.568321e-18 
4141.203254 3.848520e-17 1.859296e-18 
4144.150202 7.476906e-17 2.585067e-18 
4147.097151 8.260413e-17 2.710365e-18 
4150.044100 5.777954e-17 2.261190e-18 
4152.991049 5.827542e-17 2.265284e-18 
4155.937997 6.222396e-17 2.335046e-18 
4158.884946 5.028895e-17 2.094095e-18 
4161.831895 5.152127e-17 2.114481e-18 
4164.778843 4.425278e-17 1.954959e-18 
4167.725792 4.014237e-17 1.857516e-18 
4170.672741 5.805704e-17 2.228583e-18 
4173.619690 5.234978e-17 2.111231e-18 
4176.566638 5.340056e-17 2.127329e-18 
4179.513587 5.054676e-17 2.064897e-18 
4182.460536 4.237381e-17 1.886241e-18 
4185.407484 5.683329e-17 2.179479e-18 
4188.354433 5.216753e-17 2.083344e-18 
4191.301382 4.661328e-17 1.964860e-18 
4194.248331 6.251698e-17 2.270377e-18 
4197.195279 3.911096e-17 1.791748e-18 
4200.142228 6.962170e-17 2.385257e-18 
4203.089177 5.280549e-17 2.072735e-18 
4206.036125 4.607565e-17 1.931913e-18 
4208.983074 7.448834e-17 2.451038e-18 
4211.930023 5.896763e-17 2.176070e-18 
4214.876972 4.904036e-17 1.980201e-18 
4217.823920 6.400442e-17 2.257408e-18 
4220.770869 6.554378e-17 2.279554e-18 
4223.717818 5.217385e-17 2.029530e-18 
4226.664766 5.152773e-17 2.012708e-18 
4229.611715 5.016567e-17 1.981805e-18 
4232.558664 7.433985e-17 2.407531e-18 
4235.505613 5.191422e-17 2.007770e-18 
4238.452561 5.167139e-17 1.998994e-18 
4241.399510 6.014299e-17 2.152289e-18 
4244.346459 6.380195e-17 2.212345e-18 
4247.293408 6.159912e-17 2.169486e-18 
4250.240356 5.281256e-17 2.004833e-18 
4253.187305 5.337735e-17 2.011564e-18 
4256.134254 5.750181e-17 2.083761e-18 
4259.081202 5.975561e-17 2.120089e-18 
4262.028151 6.373337e-17 2.185304e-18 
4264.975100 5.687229e-17 2.060385e-18 
4267.922049 5.775549e-17 2.072384e-18 
4270.868997 5.765333e-17 2.066651e-18 
4273.815946 5.423187e-17 2.000643e-18 
4276.762895 5.945142e-17 2.090819e-18 
4279.709843 5.351356e-17 1.980005e-18 
4282.656792 4.874964e-17 1.886362e-18 
4285.603741 5.321908e-17 1.967359e-18 
4288.550690 4.821419e-17 1.869192e-18 
4291.497638 4.531189e-17 1.808817e-18 
4294.444587 4.407946e-17 1.780880e-18 
4297.391536 5.546154e-17 1.994098e-18 
4300.338484 6.219378e-17 2.107965e-18 
4303.285433 4.811592e-17 1.850886e-18 
4306.232382 7.018206e-17 2.231512e-18 
4309.179331 5.528560e-17 1.977193e-18 
4312.126279 5.586842e-17 1.984214e-18 
4315.073228 5.120736e-17 1.896442e-18 
4318.020177 4.746086e-17 1.822699e-18 
4320.967125 6.248769e-17 2.087967e-18 
4323.914074 6.082643e-17 2.056637e-18 
4326.861023 5.296675e-17 1.916036e-18 
4329.807972 5.674435e-17 1.979975e-18 
4332.754920 5.006262e-17 1.856765e-18 
4335.701869 4.949761e-17 1.843315e-18 
4338.648818 5.208396e-17 1.887871e-18 
4341.595766 6.115816e-17 2.042519e-18 
4344.542715 6.783290e-17 2.147746e-18 
4347.489664 6.087981e-17 2.031557e-18 
4350.436613 5.684742e-17 1.960120e-18 
4353.383561 5.082116e-17 1.850504e-18 
4356.330510 4.981348e-17 1.829309e-18 
4359.277459 5.051277e-17 1.839355e-18 
4362.224408 5.812331e-17 1.970139e-18 
4365.171356 5.493585e-17 1.912545e-18 
4368.118305 4.885285e-17 1.800928e-18 
4371.065254 5.310533e-17 1.874966e-18 
4374.012202 5.232361e-17 1.858452e-18 
4376.959151 5.626934e-17 1.924518e-18 
4379.906100 5.949867e-17 1.976190e-18 
4382.853049 5.282961e-17 1.859551e-18 
4385.799997 5.054014e-17 1.816298e-18 
4388.746946 4.868739e-17 1.780254e-18 
4391.693895 5.183384e-17 1.834384e-18 
4394.640843 6.163823e-17 1.997671e-18 
4397.587792 5.330948e-17 1.855331e-18 
4400.534741 4.359021e-17 1.675480e-18 
4403.481690 4.842865e-17 1.763707e-18 
4406.428638 4.720126e-17 1.738953e-18 
4409.375587 4.987226e-17 1.785178e-18 
4412.322536 3.470972e-17 1.487385e-18 
4415.269484 5.604403e-17 1.887616e-18 
4418.216433 6.267647e-17 1.993688e-18 
4421.163382 6.471601e-17 2.023353e-18 
4424.110331 5.786535e-17 1.910914e-18 
4427.057279 4.745280e-17 1.728358e-18 
4430.004228 5.781267e-17 1.905417e-18 
4432.951177 5.374110e-17 1.834900e-18 
4435.898125 5.515561e-17 1.856691e-18 
4438.845074 4.959435e-17 1.758536e-18 
4441.792023 4.614331e-17 1.694278e-18 
4444.738972 6.164625e-17 1.956066e-18 
4447.685920 5.338841e-17 1.818270e-18 
4450.632869 3.779093e-17 1.528052e-18 
4453.579818 4.493780e-17 1.664425e-18 
4456.526766 5.113772e-17 1.773568e-18 
4459.473715 4.702059e-17 1.698809e-18 
4462.420664 3.940496e-17 1.553474e-18 
4465.367613 4.152020e-17 1.592908e-18 
4468.314561 4.473656e-17 1.651693e-18 
4471.261510 4.809741e-17 1.710805e-18 
4474.208459 5.174520e-17 1.772641e-18 
4477.155408 4.715193e-17 1.690386e-18 
4480.102356 4.626803e-17 1.672752e-18 
4483.049305 5.325417e-17 1.792780e-18 
4485.996254 5.448564e-17 1.811568e-18 
4488.943202 5.354767e-17 1.794122e-18 
4491.890151 5.459357e-17 1.809774e-18 
4494.837100 4.760987e-17 1.688412e-18 
4497.784049 3.832044e-17 1.513302e-18 
4500.730997 5.165585e-17 1.755414e-18 
4503.677946 5.243771e-17 1.767379e-18 
4506.624895 3.960891e-17 1.534959e-18 
4509.571843 5.257255e-17 1.767161e-18 
4512.518792 5.959018e-17 1.880114e-18 
4515.465741 5.275897e-17 1.767866e-18 
4518.412690 4.682763e-17 1.664410e-18 
4521.359638 3.838615e-17 1.505944e-18 
4524.306587 5.849901e-17 1.857854e-18 
4527.253536 5.506177e-17 1.801284e-18 
4530.200484 4.961719e-17 1.708821e-18 
4533.147433 4.653818e-17 1.653912e-18 
4536.094382 4.249782e-17 1.579508e-18 
4539.041331 5.110634e-17 1.731053e-18 
4541.988279 4.551415e-17 1.632616e-18 
4544.935228 4.220663e-17 1.571240e-18 
4547.882177 5.418442e-17 1.779240e-18 
4550.829125 4.839125e-17 1.680464e-18 
4553.776074 4.483715e-17 1.616652e-18 
4556.723023 4.793766e-17 1.670671e-18 
4559.669972 4.706377e-17 1.654453e-18 
4562.616920 5.055121e-17 1.713714e-18 
4565.563869 5.281336e-17 1.750691e-18 
4568.510818 4.901305e-17 1.685626e-18 
4571.457766 4.570750e-17 1.626935e-18 
4574.404715 4.584381e-17 1.628512e-18 
4577.351664 4.825414e-17 1.669918e-18 
4580.298613 4.913585e-17 1.684253e-18 
4583.245561 4.942372e-17 1.688336e-18 
4586.192510 4.855893e-17 1.672675e-18 
4589.139459 5.126948e-17 1.717890e-18 
4592.086408 5.544173e-17 1.785564e-18 
4595.033356 4.939755e-17 1.684628e-18 
4597.980305 5.920668e-17 1.843459e-18 
4600.927254 6.097888e-17 1.869981e-18 
4603.874202 5.644781e-17 1.798345e-18 
4606.821151 5.272915e-17 1.737318e-18 
4609.768100 4.815538e-17 1.659523e-18 
4612.715049 7.094273e-17 2.013372e-18 
4615.661997 4.769381e-17 1.650109e-18 
4618.608946 4.954255e-17 1.681067e-18 
4621.555895 5.639884e-17 1.792862e-18 
4624.502843 6.754660e-17 1.961245e-18 
4627.449792 5.890613e-17 1.830758e-18 
4630.396741 5.923480e-17 1.835108e-18 
4633.343690 5.669860e-17 1.794667e-18 
4636.290638 5.877336e-17 1.826478e-18 
4639.237587 5.933096e-17 1.834397e-18 
4642.184536 5.716650e-17 1.799922e-18 
4645.131484 5.327019e-17 1.736830e-18 
4648.078433 5.581813e-17 1.777201e-18 
4651.025382 5.444439e-17 1.754531e-18 
4653.972331 5.719767e-17 1.797673e-18 
4656.919279 5.410231e-17 1.747704e-18 
4659.866228 5.161845e-17 1.706486e-18 
4662.813177 5.325261e-17 1.732657e-18 
4665.760125 5.680925e-17 1.788936e-18 
4668.707074 5.282895e-17 1.724510e-18 
4671.654023 5.868679e-17 1.816961e-18 
4674.600972 6.562728e-17 1.920724e-18 
4677.547920 6.128637e-17 1.855465e-18 
4680.494869 5.831339e-17 1.809274e-18 
4683.441818 5.963860e-17 1.829086e-18 
4686.388767 6.364040e-17 1.888811e-18 
4689.335715 5.823169e-17 1.806151e-18 
4692.282664 5.061133e-17 1.683261e-18 
4695.229613 4.619648e-17 1.607630e-18 
4698.176561 4.644503e-17 1.611411e-18 
4701.123510 4.832100e-17 1.643086e-18 
4704.070459 5.455019e-17 1.745206e-18 
4707.017408 5.171715e-17 1.698724e-18 
4709.964356 4.792016e-17 1.634641e-18 
4712.911305 6.968418e-17 1.970554e-18 
4715.858254 5.193173e-17 1.700576e-18 
4718.805202 4.402137e-17 1.565202e-18 
4721.752151 5.479237e-17 1.745653e-18 
4724.699100 4.711579e-17 1.618232e-18 
4727.646049 4.960646e-17 1.659917e-18 
4730.592997 5.748141e-17 1.786244e-18 
4733.539946 6.012488e-17 1.826267e-18 
4736.486895 5.123857e-17 1.685372e-18 
4739.433843 4.747152e-17 1.621714e-18 
4742.380792 4.822426e-17 1.633994e-18 
4745.327741 5.787652e-17 1.789489e-18 
4748.274690 6.200485e-17 1.851614e-18 
4751.221638 5.296251e-17 1.710731e-18 
4754.168587 5.248923e-17 1.702519e-18 
4757.115536 5.587776e-17 1.756045e-18 
4760.062484 5.613484e-17 1.759508e-18 
4763.009433 5.989090e-17 1.816828e-18 
4765.956382 5.139943e-17 1.682560e-18 
4768.903331 5.278607e-17 1.704546e-18 
4771.850279 5.217861e-17 1.694151e-18 
4774.797228 4.615906e-17 1.592908e-18 
4777.744177 5.645046e-17 1.760970e-18 
4780.691125 6.195477e-17 1.844210e-18 
4783.638074 5.658957e-17 1.761958e-18 
4786.585023 5.662158e-17 1.761862e-18 
4789.531972 5.434923e-17 1.725561e-18 
4792.478920 5.162261e-17 1.681145e-18 
4795.425869 5.398813e-17 1.718641e-18 
4798.372818 5.226075e-17 1.690339e-18 
4801.319766 4.722211e-17 1.606229e-18 
4804.266715 5.048761e-17 1.660256e-18 
4807.213664 5.704245e-17 1.764121e-18 
4810.160613 5.702748e-17 1.763263e-18 
4813.107561 4.999920e-17 1.650443e-18 
4816.054510 5.862768e-17 1.786544e-18 
4819.001459 5.393667e-17 1.712955e-18 
4821.948408 4.927158e-17 1.636601e-18 
4824.895356 4.512893e-17 1.565709e-18 
4827.842305 4.183473e-17 1.506919e-18 
4830.789254 4.814872e-17 1.616032e-18 
4833.736202 6.126608e-17 1.822228e-18 
4836.683151 5.953447e-17 1.795602e-18 
4839.630100 5.440511e-17 1.715842e-18 
4842.577049 5.707640e-17 1.756775e-18 
4845.523997 6.662574e-17 1.897306e-18 
4848.470946 6.528735e-17 1.877404e-18 
4851.417895 5.871426e-17 1.779673e-18 
4854.364843 5.289327e-17 1.688465e-18 
4857.311792 5.819661e-17 1.770364e-18 
4860.258741 6.303529e-17 1.841728e-18 
4863.205690 6.318322e-17 1.843116e-18 
4866.152638 5.782722e-17 1.762521e-18 
4869.099587 5.338659e-17 1.692773e-18 
4872.046536 5.445233e-17 1.708848e-18 
4874.993484 5.454448e-17 1.709548e-18 
4877.940433 4.665217e-17 1.580339e-18 
4880.887382 5.454495e-17 1.708041e-18 
4883.834331 5.764595e-17 1.755134e-18 
4886.781279 4.967183e-17 1.628484e-18 
4889.728228 5.073994e-17 1.645144e-18 
4892.675177 4.844616e-17 1.606783e-18 
4895.622125 4.400594e-17 1.530664e-18 
4898.569074 5.404874e-17 1.695552e-18 
4901.516023 6.263133e-17 1.824343e-18 
4904.462972 5.879250e-17 1.766696e-18 
4907.409920 5.167610e-17 1.655517e-18 
4910.356869 5.524523e-17 1.710889e-18 
4913.303818 5.075402e-17 1.639054e-18 
4916.250767 4.651315e-17 1.568293e-18 
4919.197715 5.772128e-17 1.746169e-18 
4922.144664 5.688163e-17 1.732532e-18 
4925.091613 4.952754e-17 1.615821e-18 
5087.173792 4.689323e-17 1.521826e-18 
5090.120741 4.143128e-17 1.429509e-18 
5093.067690 4.626016e-17 1.509516e-18 
5096.014638 5.170707e-17 1.594847e-18 
5098.961587 4.876266e-17 1.547733e-18 
5101.908536 6.219343e-17 1.746753e-18 
5104.855484 6.012274e-17 1.716264e-18 
5107.802433 5.010421e-17 1.565691e-18 
5110.749382 4.854836e-17 1.540136e-18 
5113.696331 4.700032e-17 1.514341e-18 
5116.643279 4.672473e-17 1.508852e-18 
5119.590228 5.713547e-17 1.667343e-18 
5122.537177 5.915755e-17 1.695411e-18 
5125.484125 5.765244e-17 1.672535e-18 
5128.431074 4.480236e-17 1.473371e-18 
5131.378023 4.678290e-17 1.504526e-18 
5134.324972 4.445841e-17 1.465636e-18 
5137.271920 5.538657e-17 1.634720e-18 
5140.218869 5.501252e-17 1.628033e-18 
5143.165818 6.042009e-17 1.704957e-18 
5146.112767 5.396131e-17 1.610101e-18 
5149.059715 6.538647e-17 1.771105e-18 
5152.006664 5.957712e-17 1.689381e-18 
5154.953613 5.080995e-17 1.559010e-18 
5157.900561 4.438235e-17 1.456014e-18 
5160.847510 4.356117e-17 1.441436e-18 
5163.794459 4.922610e-17 1.531186e-18 
5166.741408 5.384155e-17 1.600195e-18 
5169.688356 5.246687e-17 1.578483e-18 
5172.635305 4.650950e-17 1.485083e-18 
5175.582254 4.424229e-17 1.447374e-18 
5178.529202 4.584137e-17 1.472219e-18 
5181.476151 4.656898e-17 1.482767e-18 
5184.423100 4.600854e-17 1.472735e-18 
5187.370049 4.365958e-17 1.433591e-18 
5190.316997 5.093511e-17 1.547299e-18 
5193.263946 6.019471e-17 1.680832e-18 
5196.210895 4.985992e-17 1.528623e-18 
5199.157843 4.648941e-17 1.474962e-18 
5202.104792 5.932478e-17 1.664948e-18 
5205.051741 5.108250e-17 1.543823e-18 
5207.998690 5.244413e-17 1.563107e-18 
5210.945638 4.892500e-17 1.508635e-18 
5213.892587 4.898532e-17 1.508447e-18 
5216.839536 6.215994e-17 1.697974e-18 
5219.786484 6.517830e-17 1.737424e-18 
5222.733433 6.506094e-17 1.734576e-18 
5225.680382 4.739724e-17 1.479409e-18 
5228.627331 3.834315e-17 1.329642e-18 
5231.574279 5.935487e-17 1.653096e-18 
5234.521228 5.511947e-17 1.591848e-18 
5237.468177 5.299891e-17 1.559776e-18 
5240.415125 4.282085e-17 1.400994e-18 
5243.362074 4.595423e-17 1.450280e-18 
5246.309023 4.793202e-17 1.480071e-18 
5249.255972 4.857723e-17 1.488905e-18 
5252.202920 5.794636e-17 1.624969e-18 
5255.149869 5.371835e-17 1.563419e-18 
5258.096818 4.883184e-17 1.489526e-18 
5261.043767 4.733113e-17 1.465389e-18 
5263.990715 4.759745e-17 1.468436e-18 
5266.937664 4.686836e-17 1.456087e-18 
5269.884613 4.574972e-17 1.437562e-18 
5272.831561 4.715279e-17 1.458383e-18 
5275.778510 5.090661e-17 1.514228e-18 
5278.725459 5.017717e-17 1.502258e-18 
5281.672408 4.746442e-17 1.460036e-18 
5284.619356 5.282963e-17 1.539242e-18 
5287.566305 5.874219e-17 1.621933e-18 
5290.513254 6.243171e-17 1.670902e-18 
5293.460202 5.896190e-17 1.622652e-18 
5296.407151 4.875188e-17 1.474442e-18 
5299.354100 5.070689e-17 1.502654e-18 
5302.301049 5.370584e-17 1.545364e-18 
5305.247997 4.773954e-17 1.455977e-18 
5308.194946 4.590545e-17 1.426738e-18 
5311.141895 5.208337e-17 1.518656e-18 
5314.088843 5.407659e-17 1.546370e-18 
5317.035792 5.471041e-17 1.554332e-18 
5319.982741 5.955696e-17 1.620601e-18 
5322.929690 3.860760e-17 1.303913e-18 
5325.876638 4.918935e-17 1.470793e-18 
5328.823587 4.951046e-17 1.474584e-18 
5331.770536 5.043246e-17 1.487245e-18 
5334.717484 5.277339e-17 1.520347e-18 
5337.664433 5.534149e-17 1.555857e-18 
5340.611382 5.636810e-17 1.569175e-18 
5343.558331 5.896545e-17 1.603856e-18 
5346.505279 5.507359e-17 1.549001e-18 
5349.452228 4.859754e-17 1.454125e-18 
5352.399177 4.720947e-17 1.432273e-18 
5355.346125 4.792992e-17 1.442223e-18 
5358.293074 5.520197e-17 1.546770e-18 
5361.240023 5.109881e-17 1.487218e-18 
5364.186972 5.027555e-17 1.474248e-18 
5367.133920 4.852687e-17 1.447463e-18 
5370.080869 4.879816e-17 1.450587e-18 
5373.027818 5.389450e-17 1.523498e-18 
5375.974767 5.648380e-17 1.558694e-18 
5378.921715 5.759537e-17 1.572981e-18 
5381.868664 5.507645e-17 1.537253e-18 
5384.815613 5.623162e-17 1.552341e-18 
5387.762561 4.798709e-17 1.433162e-18 
5390.709510 5.434357e-17 1.524211e-18 
5393.656459 5.343941e-17 1.510572e-18 
5396.603408 4.545976e-17 1.392406e-18 
5399.550356 4.836931e-17 1.435425e-18 
5402.497305 5.761429e-17 1.565691e-18 
5405.444254 5.806870e-17 1.570938e-18 
5408.391202 5.433277e-17 1.518686e-18 
5411.338151 5.568854e-17 1.536635e-18 
5414.285100 5.055796e-17 1.463307e-18 
5417.232049 4.755126e-17 1.418328e-18 
5420.178997 5.174163e-17 1.478674e-18 
5423.125946 5.624576e-17 1.540834e-18 
5426.072895 4.891160e-17 1.436076e-18 
5429.019843 4.775362e-17 1.418199e-18 
5431.966792 5.941018e-17 1.580990e-18 
5434.913741 6.114553e-17 1.603052e-18 
5437.860690 5.698495e-17 1.546728e-18 
5440.807638 4.815769e-17 1.421142e-18 
5443.754587 5.196060e-17 1.475415e-18 
5446.701536 5.233844e-17 1.480002e-18 
5449.648484 5.851385e-17 1.564077e-18 
5452.595433 5.773542e-17 1.552848e-18 
5455.542382 5.367986e-17 1.496560e-18 
5458.489331 5.002536e-17 1.443998e-18 
5461.436279 4.804531e-17 1.414432e-18 
5464.383228 4.633444e-17 1.388340e-18 
5467.330177 4.855215e-17 1.420487e-18 
5470.277125 5.387450e-17 1.495602e-18 
5473.224074 5.635998e-17 1.528985e-18 
5476.171023 4.944573e-17 1.431456e-18 
5479.117972 4.514488e-17 1.367148e-18 
5482.064920 4.880336e-17 1.420810e-18 
5485.011869 5.535988e-17 1.512553e-18 
5487.958818 5.641498e-17 1.526210e-18 
5490.905767 5.833844e-17 1.551318e-18 
5493.852715 4.664323e-17 1.386520e-18 
5496.799664 5.224132e-17 1.466726e-18 
5499.746613 5.523385e-17 1.507500e-18 
5502.693561 5.271126e-17 1.472089e-18 
5505.640510 4.537954e-17 1.365349e-18 
5508.587459 5.687427e-17 1.527934e-18 
5511.534408 5.212970e-17 1.462260e-18 
5514.481356 5.308770e-17 1.475083e-18 
5517.428305 5.803116e-17 1.541664e-18 
5520.375254 5.306436e-17 1.473677e-18 
5523.322202 4.853188e-17 1.408829e-18 
5526.269151 4.493642e-17 1.355157e-18 
5529.216100 5.610396e-17 1.513685e-18 
5532.163049 5.261682e-17 1.465383e-18 
5535.109997 5.024023e-17 1.431420e-18 
5538.056946 5.319573e-17 1.472427e-18 
5541.003895 5.149204e-17 1.448178e-18 
5543.950843 5.203377e-17 1.455302e-18 
5546.897792 5.243517e-17 1.460436e-18 
5549.844741 4.875905e-17 1.407866e-18 
5552.791690 5.625046e-17 1.511686e-18 
5555.738638 5.459337e-17 1.488796e-18 
5558.685587 5.226605e-17 1.456277e-18 
5561.632536 4.614164e-17 1.367891e-18 
5564.579484 4.079612e-17 1.285841e-18 
5567.526433 5.495329e-17 1.491934e-18 
5570.473382 5.741957e-17 1.524613e-18 
5573.420331 4.743231e-17 1.385306e-18 
5576.367279 4.907533e-17 1.408708e-18 
5579.314228 5.209526e-17 1.451013e-18 
5582.261177 4.920373e-17 1.409795e-18 
5585.208126 5.616996e-17 1.505898e-18 
5588.155074 5.646169e-17 1.509417e-18 
5591.102023 5.432517e-17 1.480210e-18 
5594.048972 5.128243e-17 1.437803e-18 
5596.995920 5.081688e-17 1.430914e-18 
5599.942869 5.683812e-17 1.512953e-18 
5602.889818 5.792571e-17 1.527001e-18 
5605.836767 4.521688e-17 1.348820e-18 
5608.783715 5.940648e-17 1.545689e-18 
5611.730664 4.904704e-17 1.404156e-18 
5614.677613 4.656871e-17 1.367922e-18 
5617.624561 5.042433e-17 1.423119e-18 
5620.571510 5.002609e-17 1.417191e-18 
5623.518459 5.165711e-17 1.439811e-18 
5626.465408 5.545839e-17 1.491545e-18 
5629.412356 5.595364e-17 1.497894e-18 
5632.359305 5.346000e-17 1.463851e-18 
5635.306254 5.218934e-17 1.446074e-18 
5638.253202 5.002359e-17 1.415488e-18 
5641.200151 4.951256e-17 1.407981e-18 
5644.147100 5.182131e-17 1.440176e-18 
5647.094049 4.844931e-17 1.392288e-18 
5650.040997 5.169487e-17 1.437918e-18 
5652.987946 4.814321e-17 1.387410e-18 
5655.934895 4.566038e-17 1.350938e-18 
5658.881843 4.749832e-17 1.377636e-18 
5661.828792 4.874764e-17 1.395416e-18 
5664.775741 5.080324e-17 1.424312e-18 
5667.722690 4.822532e-17 1.387494e-18 
5670.669638 4.345633e-17 1.316909e-18 
5673.616587 4.595414e-17 1.354031e-18 
5676.563536 5.217628e-17 1.442584e-18 
5679.510484 5.644047e-17 1.500166e-18 
5682.457433 5.429131e-17 1.471127e-18 
5685.404382 4.716741e-17 1.371034e-18 
5688.351331 4.965068e-17 1.406479e-18 
5691.298279 5.530238e-17 1.484182e-18 
5694.245228 5.234713e-17 1.443802e-18 
5697.192177 5.650972e-17 1.499925e-18 
5700.139126 5.636561e-17 1.497833e-18 
5703.086074 5.735233e-17 1.510710e-18 
5706.033023 5.103640e-17 1.424938e-18 
5708.979972 5.521365e-17 1.481940e-18 
5711.926920 5.152980e-17 1.431492e-18 
5714.873869 4.799209e-17 1.381332e-18 
5717.820818 5.078584e-17 1.420820e-18 
5720.767767 4.381796e-17 1.319621e-18 
5723.714715 4.338998e-17 1.313028e-18 
5726.661664 4.019258e-17 1.263600e-18 
5729.608613 4.507308e-17 1.337991e-18 
5732.555561 5.060817e-17 1.417633e-18 
5735.502510 4.770367e-17 1.376224e-18 
5738.449459 5.686326e-17 1.502414e-18 
5741.396408 5.949031e-17 1.536590e-18 
5744.343356 4.702426e-17 1.366022e-18 
5747.290305 4.491476e-17 1.334916e-18 
5750.237254 4.768517e-17 1.375354e-18 
5753.184202 4.558433e-17 1.344604e-18 
5756.131151 4.569241e-17 1.346087e-18 
5759.078100 4.669462e-17 1.360660e-18 
5762.025049 5.020716e-17 1.410797e-18 
5764.971997 4.917411e-17 1.396099e-18 
5767.918946 4.504695e-17 1.336125e-18 
5770.865895 4.581486e-17 1.347364e-18 
5773.812843 4.897145e-17 1.392902e-18 
5776.759792 5.206620e-17 1.436133e-18 
5779.706741 5.017398e-17 1.409693e-18 
5782.653690 4.694754e-17 1.363515e-18 
5785.600638 4.924753e-17 1.396415e-18 
5788.547587 4.994976e-17 1.406236e-18 
5791.494536 4.949434e-17 1.399711e-18 
5794.441484 4.843390e-17 1.384538e-18 
5797.388433 4.863976e-17 1.387380e-18 
5800.335382 4.567193e-17 1.344294e-18 
5803.282331 4.697580e-17 1.363253e-18 
5806.229279 5.299719e-17 1.447890e-18 
5809.176228 5.193237e-17 1.433172e-18 
5812.123177 4.903721e-17 1.392554e-18 
5815.070126 5.347904e-17 1.454156e-18 
5818.017074 5.405610e-17 1.461878e-18 
5820.964023 5.350391e-17 1.454291e-18 
5823.910972 4.747148e-17 1.369761e-18 
5826.857920 5.488362e-17 1.472716e-18 
5829.804869 4.507263e-17 1.334515e-18 
5832.751818 5.429069e-17 1.464532e-18 
5835.698767 4.874230e-17 1.387580e-18 
5838.645715 5.101557e-17 1.419466e-18 
5841.592664 4.407981e-17 1.319355e-18 
5844.539613 4.640647e-17 1.353627e-18 
5847.486561 5.013502e-17 1.406850e-18 
5850.433510 4.996525e-17 1.404360e-18 
5853.380459 4.921674e-17 1.393694e-18 
5856.327408 4.522551e-17 1.335885e-18 
5859.274356 4.871964e-17 1.386420e-18 
5862.221305 4.971089e-17 1.400341e-18 
5865.168254 4.425000e-17 1.321081e-18 
5868.115202 4.640783e-17 1.352796e-18 
5871.062151 5.119279e-17 1.420707e-18 
5874.009100 4.661526e-17 1.355586e-18 
5876.956049 4.475635e-17 1.328166e-18 
5879.902997 4.501756e-17 1.331917e-18 
5882.849946 4.645481e-17 1.352889e-18 
5885.796895 4.945991e-17 1.395833e-18 
5888.743843 4.437968e-17 1.322081e-18 
5891.690792 4.523561e-17 1.334641e-18 
5894.637741 4.562412e-17 1.340228e-18 
5897.584690 4.492446e-17 1.329779e-18 
5900.531638 4.785891e-17 1.372383e-18 
5903.478587 4.679374e-17 1.356883e-18 
5906.425536 4.366903e-17 1.310657e-18 
5909.372484 4.576921e-17 1.341658e-18 
5912.319433 5.614882e-17 1.485857e-18 
5915.266382 5.118356e-17 1.418478e-18 
5918.213331 4.737674e-17 1.364550e-18 
5921.160279 5.085075e-17 1.413527e-18 
5924.107228 4.808370e-17 1.374364e-18 
5927.054177 5.238239e-17 1.434306e-18 
5930.001126 4.347588e-17 1.306527e-18 
5932.948074 4.753523e-17 1.365985e-18 
5935.895023 4.247171e-17 1.291013e-18 
5938.841972 4.795404e-17 1.371623e-18 
5941.788920 5.185415e-17 1.426113e-18 
5944.735869 4.803092e-17 1.372340e-18 
5947.682818 4.654868e-17 1.350804e-18 
5950.629767 4.999570e-17 1.399720e-18 
5953.576715 4.539502e-17 1.333563e-18 
5956.523664 4.499379e-17 1.327453e-18 
5959.470613 4.817016e-17 1.373296e-18 
5962.417561 5.421563e-17 1.456693e-18 
5965.364510 4.909391e-17 1.385953e-18 
5968.311459 4.870973e-17 1.380290e-18 
5971.258408 5.241835e-17 1.431628e-18 
5974.205356 5.147504e-17 1.418442e-18 
5977.152305 5.056064e-17 1.405538e-18 
5980.099254 5.129690e-17 1.415479e-18 
5983.046202 4.706106e-17 1.355529e-18 
5985.993151 4.386260e-17 1.308410e-18 
5988.940100 4.873717e-17 1.378934e-18 
5991.887049 4.868049e-17 1.377863e-18 
5994.833997 4.558927e-17 1.333133e-18 
5997.780946 4.391462e-17 1.308154e-18 
6000.727895 4.582263e-17 1.335968e-18 
6003.674843 4.687865e-17 1.350882e-18 
6006.621792 4.500927e-17 1.323284e-18 
6009.568741 5.168487e-17 1.417602e-18 
6012.515690 5.033732e-17 1.398577e-18 
6015.462638 5.052521e-17 1.400756e-18 
6018.409587 5.463453e-17 1.456153e-18 
6021.356536 4.706403e-17 1.351082e-18 
6024.303484 4.751134e-17 1.357055e-18 
6027.250433 4.873063e-17 1.373914e-18 
6030.197382 4.321894e-17 1.293463e-18 
6033.144331 5.513917e-17 1.460506e-18 
6036.091279 5.227838e-17 1.421637e-18 
6039.038228 5.183997e-17 1.415184e-18 
6041.985177 4.511970e-17 1.319819e-18 
6044.932126 5.183144e-17 1.414090e-18 
6047.879074 4.707237e-17 1.347133e-18 
6050.826023 4.488566e-17 1.315003e-18 
6053.772972 3.897916e-17 1.224990e-18 
6056.719920 4.536727e-17 1.321080e-18 
6059.666869 5.168502e-17 1.409549e-18 
6062.613818 4.887284e-17 1.370154e-18 
6065.560767 4.649823e-17 1.335949e-18 
6068.507715 4.950778e-17 1.377978e-18 
6071.454664 5.272779e-17 1.421535e-18 
6074.401613 5.043152e-17 1.389693e-18 
6077.348561 5.187629e-17 1.408902e-18 
6080.295510 4.994680e-17 1.381900e-18 
6083.242459 4.751120e-17 1.347241e-18 
6086.189408 5.055348e-17 1.389138e-18 
6089.136356 4.871670e-17 1.363106e-18 
6092.083305 4.608411e-17 1.325211e-18 
6095.030254 4.895081e-17 1.365231e-18 
6097.977202 5.116643e-17 1.395191e-18 
6100.924151 5.136681e-17 1.397319e-18 
6103.871100 5.036292e-17 1.382996e-18 
6106.818049 5.165198e-17 1.399968e-18 
6109.764997 4.883512e-17 1.360656e-18 
6112.711946 4.844314e-17 1.354577e-18 
6115.658895 5.161249e-17 1.397554e-18 
6118.605843 4.723620e-17 1.336381e-18 
6121.552792 4.744354e-17 1.338693e-18 
6124.499741 4.330775e-17 1.278419e-18 
6127.446690 4.719344e-17 1.333913e-18 
6130.393638 4.760724e-17 1.339113e-18 
6133.340587 4.024469e-17 1.230630e-18 
6136.287536 4.431676e-17 1.290766e-18 
6139.234484 4.269116e-17 1.266255e-18 
6142.181433 5.343346e-17 1.415942e-18 
6145.128382 5.680455e-17 1.459202e-18 
6148.075331 4.732327e-17 1.331204e-18 
6151.022279 4.711350e-17 1.327581e-18 
6153.969228 4.432334e-17 1.287017e-18 
6156.916177 4.934194e-17 1.357231e-18 
6159.863126 4.656702e-17 1.317835e-18 
6162.810074 4.734219e-17 1.328067e-18 
6165.757023 4.607468e-17 1.309482e-18 
6168.703972 4.828808e-17 1.339858e-18 
6171.650920 4.489020e-17 1.291171e-18 
6174.597869 4.908395e-17 1.349413e-18 
6177.544818 5.010531e-17 1.362645e-18 
6180.491767 5.386008e-17 1.412011e-18 
6183.438715 5.033633e-17 1.364293e-18 
6186.385664 4.681876e-17 1.315035e-18 
6189.332613 4.689327e-17 1.315350e-18 
6192.279561 4.760605e-17 1.324569e-18 
6195.226510 4.710637e-17 1.316858e-18 
6198.173459 4.547402e-17 1.293108e-18 
6201.120408 4.691596e-17 1.312701e-18 
6204.067356 4.875997e-17 1.337482e-18 
6207.014305 4.784062e-17 1.324049e-18 
6209.961254 4.121803e-17 1.228279e-18 
6212.908202 4.103812e-17 1.224880e-18 
6215.855151 4.495964e-17 1.281315e-18 
6218.802100 4.303109e-17 1.252792e-18 
6221.749049 4.370828e-17 1.261860e-18 
6224.695997 4.624630e-17 1.297204e-18 
6227.642946 4.710633e-17 1.308424e-18 
6230.589895 5.108851e-17 1.361783e-18 
6233.536843 5.503538e-17 1.412549e-18 
6236.483792 4.076650e-17 1.214980e-18 
6239.430741 5.082140e-17 1.355733e-18 
6242.377690 4.728140e-17 1.306857e-18 
6245.324638 4.584157e-17 1.286007e-18 
6248.271587 4.600722e-17 1.287527e-18 
6251.218536 3.835259e-17 1.174813e-18 
6254.165485 4.753547e-17 1.307096e-18 
6257.112433 4.559189e-17 1.279288e-18 
6260.059382 4.457603e-17 1.264153e-18 
6263.006331 4.596135e-17 1.282829e-18 
6265.953279 5.018652e-17 1.339641e-18 
6268.900228 4.691958e-17 1.294473e-18 
6271.847177 4.414100e-17 1.254750e-18 
6274.794126 4.656336e-17 1.287886e-18 
6277.741074 4.715905e-17 1.295256e-18 
6280.688023 4.668681e-17 1.287915e-18 
6283.634972 3.825928e-17 1.165130e-18 
6286.581920 2.851233e-17 1.005165e-18 
6289.528869 3.752301e-17 1.152348e-18 
6292.475818 4.304343e-17 1.233393e-18 
6295.422767 4.378405e-17 1.243134e-18 
6298.369715 5.168758e-17 1.349785e-18 
6301.316664 4.746146e-17 1.292565e-18 
6304.263613 4.245976e-17 1.221744e-18 
6307.210561 4.161812e-17 1.208763e-18 
6310.157510 4.415592e-17 1.244235e-18 
6313.104459 4.685648e-17 1.280855e-18 
6316.051408 4.492580e-17 1.253342e-18 
6318.998356 4.634695e-17 1.272149e-18 
6321.945305 4.848246e-17 1.300244e-18 
6324.892254 4.847103e-17 1.299206e-18 
6327.839202 4.432749e-17 1.241587e-18 
6330.786151 4.049221e-17 1.185849e-18 
6333.733100 4.545167e-17 1.255513e-18 
6336.680049 4.693192e-17 1.274918e-18 
6339.626997 4.397027e-17 1.233188e-18 
6342.573946 4.729424e-17 1.278070e-18 
6345.520895 4.757736e-17 1.281006e-18 
6348.467843 4.851210e-17 1.292635e-18 
6351.414792 4.237682e-17 1.207299e-18 
6354.361741 4.574760e-17 1.253527e-18 
6357.308690 3.903041e-17 1.157044e-18 
6360.255638 4.442962e-17 1.233624e-18 
6363.202587 4.523470e-17 1.243886e-18 
6366.149536 4.724634e-17 1.270359e-18 
6369.096485 4.554749e-17 1.246442e-18 
6372.043433 3.799469e-17 1.137623e-18 
6374.990382 4.514299e-17 1.239165e-18 
6377.937331 4.371967e-17 1.218622e-18 
6380.884279 4.131189e-17 1.183762e-18 
6383.831228 4.528153e-17 1.238466e-18 
6386.778177 3.982169e-17 1.160592e-18 
6389.725126 4.346979e-17 1.211740e-18 
6392.672074 4.193669e-17 1.189348e-18 
6395.619023 4.473317e-17 1.227503e-18 
6398.565972 4.432646e-17 1.221055e-18 
6401.512920 4.308004e-17 1.202922e-18 
6404.459869 4.276640e-17 1.197696e-18 
6407.406818 4.233746e-17 1.190841e-18 
6410.353767 4.229003e-17 1.189340e-18 
6413.300715 4.627598e-17 1.243257e-18 
6416.247664 4.908728e-17 1.279569e-18 
6419.194613 4.787260e-17 1.262755e-18 
6422.141561 4.486670e-17 1.221614e-18 
6425.088510 4.181676e-17 1.178538e-18 
6428.035459 4.105195e-17 1.166896e-18 
6430.982408 4.287183e-17 1.191648e-18 
6433.929356 4.766606e-17 1.255636e-18 
6436.876305 4.069016e-17 1.159315e-18 
6439.823254 3.844412e-17 1.126080e-18 
6442.770202 4.619776e-17 1.233567e-18 
6445.717151 4.406699e-17 1.203947e-18 
6448.664100 4.262741e-17 1.183297e-18 
6451.611049 3.989134e-17 1.143899e-18 
6454.557997 4.490593e-17 1.212829e-18 
6457.504946 3.938243e-17 1.135008e-18 
6460.451895 4.025438e-17 1.146712e-18 
6463.398843 3.926166e-17 1.131704e-18 
6466.345792 4.215661e-17 1.171878e-18 
6469.292741 3.602928e-17 1.082627e-18 
6472.239690 4.428642e-17 1.199468e-18 
6475.186638 4.848091e-17 1.254126e-18 
6478.133587 4.191242e-17 1.165280e-18 
6481.080536 3.880546e-17 1.120493e-18 
6484.027485 3.658576e-17 1.087234e-18 
6486.974433 4.066208e-17 1.145425e-18 
6489.921382 3.783886e-17 1.104197e-18 
6492.868331 3.331267e-17 1.035353e-18 
6495.815279 4.263487e-17 1.170504e-18 
6498.762228 4.486730e-17 1.199949e-18 
6501.709177 3.998363e-17 1.132028e-18 
6504.656126 4.142577e-17 1.151536e-18 
6507.603074 3.856641e-17 1.110385e-18 
6510.550023 3.977928e-17 1.127003e-18 
6513.496972 4.047059e-17 1.136043e-18 
6516.443920 4.352761e-17 1.177433e-18 
6519.390869 3.907064e-17 1.114831e-18 
6522.337818 3.954763e-17 1.120920e-18 
6525.284767 3.704162e-17 1.084154e-18 
6528.231715 3.730128e-17 1.087277e-18 
6531.178664 3.894402e-17 1.110278e-18 
6534.125613 3.718650e-17 1.084271e-18 
6537.072561 3.728247e-17 1.085006e-18 
6540.019510 3.987425e-17 1.121403e-18 
6542.966459 4.034640e-17 1.127339e-18 
6545.913408 3.796876e-17 1.092956e-18 
6548.860356 3.743031e-17 1.084525e-18 
6551.807305 3.853106e-17 1.099696e-18 
6554.754254 4.097325e-17 1.133333e-18 
6557.701202 3.864557e-17 1.100014e-18 
6560.648151 3.501602e-17 1.046463e-18 
6563.595100 3.667260e-17 1.070297e-18 
6566.542049 4.178268e-17 1.141762e-18 
6569.488997 3.938235e-17 1.107830e-18 
6572.435946 4.071879e-17 1.125812e-18 
6575.382895 3.682917e-17 1.070067e-18 
6578.329843 3.655860e-17 1.065511e-18 
6581.276792 3.389169e-17 1.025318e-18 
6584.223741 3.629535e-17 1.060444e-18 
6587.170690 3.681286e-17 1.067365e-18 
6590.117638 3.337328e-17 1.015698e-18 
6593.064587 3.491425e-17 1.038292e-18 
6596.011536 4.039571e-17 1.116194e-18 
6598.958485 4.140227e-17 1.129378e-18 
6601.905433 4.355874e-17 1.157767e-18 
6604.852382 3.577112e-17 1.048594e-18 
6607.799331 3.795688e-17 1.079554e-18 
6610.746279 4.236459e-17 1.139883e-18 
6613.693228 4.036078e-17 1.111985e-18 
6616.640177 4.085527e-17 1.118162e-18 
6619.587126 3.673358e-17 1.059681e-18 
6622.534074 3.267714e-17 9.989168e-19 
6625.481023 3.444847e-17 1.025079e-18 
6628.427972 3.805535e-17 1.076827e-18 
6631.374920 3.686469e-17 1.059279e-18 
6634.321869 3.522288e-17 1.034870e-18 
6637.268818 3.463269e-17 1.025618e-18 
6640.215767 3.848139e-17 1.080534e-18 
6643.162715 3.834486e-17 1.078048e-18 
6646.109664 3.443793e-17 1.021117e-18 
6649.056613 3.374506e-17 1.010267e-18 
6652.003561 3.657747e-17 1.051266e-18 
6654.950510 3.499514e-17 1.027746e-18 
6657.897459 3.491081e-17 1.025980e-18 
6660.844408 3.726579e-17 1.059479e-18 
6663.791356 3.787038e-17 1.067496e-18 
6666.738305 3.851517e-17 1.076001e-18 
6669.685254 3.417777e-17 1.013095e-18 
6672.632202 3.456879e-17 1.018364e-18 
6675.579151 3.721498e-17 1.056096e-18 
6678.526100 3.956351e-17 1.088371e-18 
6681.473049 4.131091e-17 1.111598e-18 
6684.419997 3.832872e-17 1.070199e-18 
6687.366946 3.404369e-17 1.008112e-18 
6690.313895 3.488344e-17 1.019975e-18 
6693.260843 3.770059e-17 1.059850e-18 
6696.207792 3.617401e-17 1.037672e-18 
6699.154741 4.044620e-17 1.096713e-18 
6702.101690 4.541157e-17 1.161531e-18 
6705.048638 3.919298e-17 1.078565e-18 
6707.995587 3.875225e-17 1.071979e-18 
6710.942536 4.462977e-17 1.149865e-18 
6713.889485 3.356585e-17 9.967387e-19 
6716.836433 3.618014e-17 1.034348e-18 
6719.783382 3.900093e-17 1.073418e-18 
6722.730331 3.551174e-17 1.023807e-18 
6725.677279 3.528585e-17 1.020080e-18 
6728.624228 4.127075e-17 1.102702e-18 
6731.571177 3.167326e-17 9.655782e-19 
6734.518126 3.651042e-17 1.036226e-18 
6737.465074 4.025849e-17 1.087629e-18 
6740.412023 3.732109e-17 1.046734e-18 
6743.358972 3.527080e-17 1.017126e-18 
6746.305920 3.497521e-17 1.012409e-18 
6749.252869 3.842380e-17 1.060684e-18 
6752.199818 3.019990e-17 9.399387e-19 
6755.146767 3.070124e-17 9.472978e-19 
6758.093715 3.603405e-17 1.025836e-18 
6761.040664 3.498751e-17 1.010396e-18 
6763.987613 3.161517e-17 9.600577e-19 
6766.934561 3.161650e-17 9.596701e-19 
6769.881510 3.700091e-17 1.037738e-18 
6772.828459 3.990202e-17 1.077200e-18 
6775.775408 3.675597e-17 1.033430e-18 
6778.722356 3.272514e-17 9.747129e-19 
6781.669305 3.088482e-17 9.465172e-19 
6784.616254 3.246120e-17 9.699713e-19 
6787.563202 3.445459e-17 9.988993e-19 
6790.510151 3.107069e-17 9.481914e-19 
6793.457100 3.195658e-17 9.612224e-19 
6796.404049 3.507336e-17 1.006599e-18 
6799.350997 3.450913e-17 9.980668e-19 
6802.297946 3.416602e-17 9.926937e-19 
6805.244895 3.005101e-17 9.306234e-19 
6808.191843 3.403608e-17 9.900137e-19 
6811.138792 3.386453e-17 9.871242e-19 
6814.085741 3.545625e-17 1.009658e-18 
6817.032690 3.410256e-17 9.898070e-19 
6819.979638 3.429026e-17 9.921385e-19 
6822.926587 3.476270e-17 9.985604e-19 
6825.873536 3.417775e-17 9.897387e-19 
6828.820485 3.520114e-17 1.004059e-18 
6831.767433 3.754583e-17 1.036559e-18 
6834.714382 3.838486e-17 1.047675e-18 
6837.661331 3.509777e-17 1.001429e-18 
6840.608279 3.562461e-17 1.008532e-18 
6843.555228 3.220517e-17 9.585450e-19 
6846.502177 3.314307e-17 9.720343e-19 
6849.449126 3.262886e-17 9.641005e-19 
6852.396074 2.979205e-17 9.208911e-19 
6855.343023 3.699841e-17 1.025857e-18 
6858.289972 3.103836e-17 9.392525e-19 
6861.236920 3.267898e-17 9.633973e-19 
6864.183869 2.888673e-17 9.054386e-19 
6867.130818 2.459853e-17 8.352251e-19 
6870.077767 2.152434e-17 7.810045e-19 
6873.024715 2.843929e-17 8.974042e-19 
6875.971664 3.153573e-17 9.446492e-19 
6878.918613 2.559304e-17 8.506891e-19 
6881.865561 2.753719e-17 8.820863e-19 
6884.812510 2.893827e-17 9.039184e-19 
6887.759459 2.926188e-17 9.086281e-19 
6890.706408 2.899077e-17 9.040809e-19 
6893.653356 3.000964e-17 9.194974e-19 
6896.600305 3.010554e-17 9.206328e-19 
6899.547254 3.040621e-17 9.248849e-19 
6902.494202 3.227610e-17 9.525563e-19 
6905.441151 3.189409e-17 9.465622e-19 
6908.388100 3.246061e-17 9.545894e-19 
6911.335049 3.048470e-17 9.247485e-19 
6914.281997 3.137991e-17 9.378926e-19 
6917.228946 3.171177e-17 9.425022e-19 
6920.175895 3.014721e-17 9.186306e-19 
6923.122844 3.201845e-17 9.463738e-19 
6926.069792 3.140517e-17 9.369331e-19 
6929.016741 2.818516e-17 8.872865e-19 
6931.963690 2.422884e-17 8.223670e-19 
6934.910638 2.681008e-17 8.647572e-19 
6937.857587 3.156883e-17 9.380380e-19 
6940.804536 3.228385e-17 9.482656e-19 
6943.751485 3.525718e-17 9.906204e-19 
6946.698433 2.854333e-17 8.910089e-19 
6949.645382 3.154394e-17 9.363411e-19 
6952.592331 2.899630e-17 8.974157e-19 
6955.539279 2.773051e-17 8.772992e-19 
6958.486228 3.148055e-17 9.344077e-19 
6961.433177 3.057713e-17 9.205770e-19 
6964.380126 3.788868e-17 1.024384e-18 
6967.327074 3.145945e-17 9.331040e-19 
6970.274023 2.850234e-17 8.878532e-19 
6973.220972 3.141544e-17 9.317915e-19 
6976.167920 3.145151e-17 9.319964e-19 
6979.114869 3.251329e-17 9.472620e-19 
6982.061818 3.399798e-17 9.683052e-19 
6985.008767 3.008392e-17 9.105399e-19 
6987.955715 3.024404e-17 9.126359e-19 
6990.902664 3.545103e-17 9.877292e-19 
6993.849613 3.589828e-17 9.935870e-19 
6996.796561 2.797971e-17 8.768720e-19 
6999.743510 2.893484e-17 8.913958e-19 
7002.690459 3.152146e-17 9.301039e-19 
7005.637408 3.231164e-17 9.414084e-19 
7008.584356 3.093158e-17 9.208094e-19 
7011.531305 2.748078e-17 8.676670e-19 
7014.478254 2.562127e-17 8.375458e-19 
7017.425202 3.039933e-17 9.120314e-19 
7020.372151 3.154711e-17 9.288099e-19 
7023.319100 2.596504e-17 8.423849e-19 
7026.266049 2.838728e-17 8.805353e-19 
7029.212997 2.781139e-17 8.712941e-19 
7032.159946 2.607628e-17 8.434212e-19 
7035.106895 3.218146e-17 9.366828e-19 
7038.053844 3.050836e-17 9.117314e-19 
7041.000792 2.547486e-17 8.328769e-19 
7043.947741 2.861949e-17 8.825169e-19 
7046.894690 3.482470e-17 9.732013e-19 
7049.841638 2.931978e-17 8.927007e-19 
7052.788587 2.702623e-17 8.568098e-19 
7055.735536 3.221204e-17 9.351186e-19 
7058.682485 3.000571e-17 9.022464e-19 
7061.629433 2.856584e-17 8.800593e-19 
7064.576382 2.908156e-17 8.876919e-19 
7067.523331 2.718978e-17 8.580661e-19 
7070.470279 3.046093e-17 9.079328e-19 
7073.417228 3.288010e-17 9.430018e-19 
7076.364177 3.009728e-17 9.019306e-19 
7079.311126 2.710732e-17 8.556890e-19 
7082.258074 3.113993e-17 9.168413e-19 
7085.205023 3.068303e-17 9.098021e-19 
7088.151972 2.513720e-17 8.232245e-19 
7091.098920 2.849606e-17 8.762214e-19 
7094.045869 3.140896e-17 9.196226e-19 
7096.992818 2.925507e-17 8.872463e-19 
7099.939767 3.060073e-17 9.071311e-19 
7102.886715 2.999324e-17 8.977925e-19 
7105.833664 2.836646e-17 8.728238e-19 
7108.780613 3.537195e-17 9.743453e-19 
7111.727561 2.758460e-17 8.601529e-19 
7114.674510 3.194244e-17 9.253051e-19 
7117.621459 3.115478e-17 9.135272e-19 
7120.568408 3.378126e-17 9.509439e-19 
7123.515356 2.663115e-17 8.440522e-19 
7126.462305 3.166098e-17 9.200121e-19 
7129.409254 2.549895e-17 8.253709e-19 
7132.356202 2.197479e-17 7.659609e-19 
7135.303151 3.031349e-17 8.993280e-19 
7138.250100 3.105875e-17 9.100130e-19 
7141.197049 2.748321e-17 8.557452e-19 
7144.143997 2.836225e-17 8.690323e-19 
7147.090946 2.319168e-17 7.855720e-19 
7150.037895 3.116493e-17 9.103472e-19 
7152.984844 2.958670e-17 8.866984e-19 
7155.931792 2.963407e-17 8.871081e-19 
7158.878741 2.862730e-17 8.716139e-19 
7161.825690 2.771216e-17 8.572782e-19 
7164.772638 2.735583e-17 8.514591e-19 
7167.719587 2.536678e-17 8.196406e-19 
7170.666536 2.753836e-17 8.537121e-19 
7173.613485 2.654393e-17 8.378694e-19 
7176.560433 2.257851e-17 7.724892e-19 
7179.507382 2.608923e-17 8.300915e-19 
7182.454331 2.294532e-17 7.782028e-19 
7185.401279 2.362699e-17 7.894053e-19 
7188.348228 2.732110e-17 8.485837e-19 
7191.295177 2.790890e-17 8.573667e-19 
7194.242126 2.516420e-17 8.138344e-19 
7197.189074 2.794741e-17 8.573620e-19 
7200.136023 2.504126e-17 8.112792e-19 
7203.082972 2.175524e-17 7.559146e-19 
7206.029920 2.429118e-17 7.984788e-19 
7208.976869 2.547054e-17 8.173465e-19 
7211.923818 2.086664e-17 7.395393e-19 
7214.870767 2.309579e-17 7.777662e-19 
7217.817715 2.911190e-17 8.729020e-19 
7220.764664 2.799950e-17 8.557614e-19 
7223.711613 2.116428e-17 7.437493e-19 
7226.658561 2.362445e-17 7.855116e-19 
7229.605510 2.628916e-17 8.283368e-19 
7232.552459 2.539905e-17 8.139057e-19 
7235.499408 2.498303e-17 8.069277e-19 
7238.446356 2.467646e-17 8.016783e-19 
7241.393305 1.912625e-17 7.055373e-19 
7244.340254 2.058776e-17 7.317388e-19 
7247.287202 2.211055e-17 7.580497e-19 
7250.234151 2.140310e-17 7.455599e-19 
7253.181100 1.799064e-17 6.833037e-19 
7256.128049 1.647252e-17 6.536073e-19 
7259.074997 1.801577e-17 6.832971e-19 
7262.021946 1.342417e-17 5.896213e-19 
7264.968895 1.762156e-17 6.753020e-19 
7267.915844 2.069415e-17 7.315535e-19 
7270.862792 1.777891e-17 6.778309e-19 
7273.809741 2.322263e-17 7.744101e-19 
7276.756690 2.428801e-17 7.916953e-19 
7279.703638 2.362279e-17 7.805028e-19 
7282.650587 2.673690e-17 8.300635e-19 
7285.597536 1.950000e-17 7.086311e-19 
7288.544485 2.681760e-17 8.307304e-19 
7291.491433 3.024392e-17 8.818945e-19 
7294.438382 2.945215e-17 8.699690e-19 
7297.385331 2.263249e-17 7.623587e-19 
7300.332279 1.935119e-17 7.046852e-19 
7303.279228 2.151887e-17 7.428472e-19 
7306.226177 2.674077e-17 8.277999e-19 
7309.173126 2.522363e-17 8.036950e-19 
7312.120074 2.751456e-17 8.391085e-19 
7315.067023 2.519292e-17 8.026491e-19 
7318.013972 2.665388e-17 8.253091e-19 
7320.960920 2.428606e-17 7.875269e-19 
7323.907869 2.404780e-17 7.833851e-19 
7326.854818 2.683069e-17 8.271890e-19 
7329.801767 2.039475e-17 7.209410e-19 
7332.748715 1.867733e-17 6.896837e-19 
7335.695664 2.600521e-17 8.135332e-19 
7338.642613 2.190052e-17 7.463205e-19 
7341.589561 2.232460e-17 7.532579e-19 
7344.536510 2.162161e-17 7.410541e-19 
7347.483459 2.248950e-17 7.555281e-19 
7350.430408 2.798631e-17 8.425366e-19 
7353.377356 2.694784e-17 8.264827e-19 
7356.324305 2.222985e-17 7.504064e-19 
7374.005997 2.408564e-17 7.795796e-19 
7376.952946 2.520924e-17 7.973013e-19 
7379.899895 2.364726e-17 7.719609e-19 
7382.846844 2.584351e-17 8.067585e-19 
7385.793792 2.679526e-17 8.212221e-19 
7388.740741 2.416839e-17 7.796867e-19 
7391.687690 2.270317e-17 7.554487e-19 
7394.634638 2.374179e-17 7.722980e-19 
7397.581587 2.651397e-17 8.158924e-19 
7400.528536 2.629701e-17 8.123008e-19 
7403.475485 2.318296e-17 7.624605e-19 
7406.422433 2.543808e-17 7.984454e-19 
7409.369382 2.688568e-17 8.206060e-19 
7412.316331 2.130666e-17 7.303044e-19 
7415.263279 2.023215e-17 7.114435e-19 
7418.210228 2.096083e-17 7.239323e-19 
7421.157177 2.320999e-17 7.615640e-19 
7424.104126 2.063937e-17 7.179488e-19 
7427.051074 2.280293e-17 7.544285e-19 
7429.998023 2.380137e-17 7.705526e-19 
7432.944972 2.386451e-17 7.713602e-19 
7435.891920 2.314103e-17 7.593696e-19 
7438.838869 2.538234e-17 7.950781e-19 
7441.785818 2.512300e-17 7.907933e-19 
7444.732767 2.335288e-17 7.622227e-19 
7447.679715 2.428503e-17 7.770818e-19 
7450.626664 2.632492e-17 8.088498e-19 
7453.573613 2.244781e-17 7.467232e-19 
7456.520561 3.132982e-17 8.819442e-19 
7459.467510 2.462917e-17 7.817680e-19 
7462.414459 2.503441e-17 7.879776e-19 
7465.361408 2.465482e-17 7.817890e-19 
7468.308356 2.740873e-17 8.240962e-19 
7471.255305 3.084886e-17 8.740761e-19 
7474.202254 2.133348e-17 7.267051e-19 
7477.149202 2.504772e-17 7.872458e-19 
7480.096151 2.290573e-17 7.526600e-19 
7483.043100 3.014501e-17 8.632494e-19 
7485.990049 1.859355e-17 6.778180e-19 
7488.936997 2.180654e-17 7.338884e-19 
7491.883946 1.978686e-17 6.989263e-19 
7494.830895 1.625053e-17 6.332635e-19 
7497.777844 1.947765e-17 6.931515e-19 
7500.724792 1.549578e-17 6.181266e-19 
7503.671741 1.655203e-17 6.387173e-19 
7506.618690 1.956997e-17 6.943716e-19 
7509.565638 2.080139e-17 7.157453e-19 
7512.512587 2.483263e-17 7.818811e-19 
7515.459536 2.302456e-17 7.527376e-19 
7518.406485 2.509747e-17 7.857476e-19 
7521.353433 2.711428e-17 8.165615e-19 
7524.300382 2.384749e-17 7.656578e-19 
7527.247331 2.380487e-17 7.648412e-19 
7530.194279 1.817771e-17 6.682435e-19 
7533.141228 1.760741e-17 6.575686e-19 
7536.088177 1.903258e-17 6.835530e-19 
7539.035126 2.369209e-17 7.625296e-19 
7541.982074 1.862845e-17 6.760467e-19 
7544.929023 1.976585e-17 6.962756e-19 
7547.875972 2.068550e-17 7.121854e-19 
7550.822920 2.261385e-17 7.445360e-19 
7553.769869 2.163689e-17 7.281752e-19 
7556.716818 1.800580e-17 6.641811e-19 
7559.663767 1.755153e-17 6.556638e-19 
7562.610715 1.861121e-17 6.750816e-19 
7565.557664 2.088109e-17 7.149778e-19 
7568.504613 2.432487e-17 7.715958e-19 
7571.451561 2.186337e-17 7.314313e-19 
7574.398510 1.985927e-17 6.970256e-19 
7577.345459 2.067042e-17 7.110426e-19 
7580.292408 2.236406e-17 7.395232e-19 
7583.239356 2.248709e-17 7.414818e-19 
7586.186305 1.695883e-17 6.438592e-19 
7589.133254 1.212711e-17 5.444179e-19 
7592.080203 1.309338e-17 5.656426e-19 
7595.027151 1.078082e-17 5.132234e-19 
7597.974100 8.559569e-18 4.572698e-19 
7600.921049 8.797790e-18 4.635548e-19 
7603.867997 9.011619e-18 4.691214e-19 
7606.814946 9.680758e-18 4.861942e-19 
7609.761895 1.204973e-17 5.423962e-19 
7612.708844 1.223463e-17 5.465099e-19 
7615.655792 1.219254e-17 5.455393e-19 
7618.602741 1.044994e-17 5.050263e-19 
7621.549690 1.119189e-17 5.226231e-19 
7624.496638 1.128349e-17 5.247352e-19 
7627.443587 1.731613e-17 6.500206e-19 
7630.390536 1.617142e-17 6.281462e-19 
7633.337485 1.266766e-17 5.559317e-19 
7636.284433 1.436451e-17 5.919798e-19 
7639.231382 1.432714e-17 5.911956e-19 
7642.178331 1.335552e-17 5.707861e-19 
7645.125279 1.386644e-17 5.815923e-19 
7648.072228 1.913315e-17 6.831628e-19 
7651.019177 1.699933e-17 6.439370e-19 
7653.966126 1.900518e-17 6.808660e-19 
7656.913074 1.842813e-17 6.704494e-19 
7659.860023 1.422965e-17 5.891470e-19 
7662.806972 1.947748e-17 6.892802e-19 
7665.753920 2.129608e-17 7.207485e-19 
7668.700869 1.824848e-17 6.671958e-19 
7671.647818 2.045119e-17 7.063283e-19 
7674.594767 2.174161e-17 7.282865e-19 
7677.541715 1.850830e-17 6.719705e-19 
7680.488664 2.741009e-17 8.177755e-19 
7683.435613 2.165402e-17 7.268781e-19 
7686.382561 1.390511e-17 5.824979e-19 
7689.329510 2.519693e-17 7.841466e-19 
7692.276459 2.048185e-17 7.070104e-19 
7695.223408 2.348769e-17 7.571471e-19 
7698.170356 2.119837e-17 7.193360e-19 
7701.117305 2.195782e-17 7.321446e-19 
7704.064254 2.020186e-17 7.022973e-19 
7707.011203 2.504359e-17 7.819842e-19 
7709.958151 2.128476e-17 7.209576e-19 
7712.905100 2.089812e-17 7.144235e-19 
7715.852049 2.003352e-17 6.995341e-19 
7718.798997 1.986611e-17 6.966519e-19 
7721.745946 3.119738e-17 8.730697e-19 
7724.692895 2.406462e-17 7.668508e-19 
7727.639844 2.062225e-17 7.099408e-19 
7730.586792 2.192118e-17 7.320147e-19 
7733.533741 1.955918e-17 6.915091e-19 
7736.480690 2.262761e-17 7.438369e-19 
7739.427638 2.138001e-17 7.231014e-19 
7742.374587 2.254533e-17 7.426107e-19 
7745.321536 2.321902e-17 7.536914e-19 
7748.268485 2.015094e-17 7.021967e-19 
7751.215433 1.873453e-17 6.771316e-19 
7754.162382 2.054851e-17 7.092234e-19 
7757.109331 2.224577e-17 7.380042e-19 
7760.056279 2.002964e-17 7.003490e-19 
7763.003228 1.846767e-17 6.725547e-19 
7765.950177 1.935075e-17 6.885170e-19 
7768.897126 2.014439e-17 7.025672e-19 
7771.844074 2.040173e-17 7.071148e-19 
7774.791023 1.841522e-17 6.718790e-19 
7777.737972 1.411065e-17 5.881970e-19 
7780.684920 2.240064e-17 7.411853e-19 
7783.631869 2.216817e-17 7.374101e-19 
7786.578818 2.182905e-17 7.318293e-19 
7789.525767 1.950852e-17 6.919157e-19 
7792.472715 1.440152e-17 5.945579e-19 
7795.419664 1.537824e-17 6.144584e-19 
7798.366613 1.676846e-17 6.417050e-19 
7801.313561 2.080126e-17 7.147982e-19 
7804.260510 2.274400e-17 7.475186e-19 
7807.207459 2.345730e-17 7.592379e-19 
7810.154408 2.255598e-17 7.445947e-19 
7813.101356 2.072062e-17 7.137414e-19 
7816.048305 1.858191e-17 6.759818e-19 
7818.995254 1.783651e-17 6.623618e-19 
7821.942203 1.990706e-17 6.998325e-19 
7824.889151 2.262092e-17 7.460982e-19 
7827.836100 2.457469e-17 7.777411e-19 
7830.783049 2.227164e-17 7.404863e-19 
7833.729997 2.049923e-17 7.104924e-19 
7836.676946 2.005472e-17 7.028270e-19 
7839.623895 1.935690e-17 6.905691e-19 
7842.570844 2.135459e-17 7.254103e-19 
7845.517792 2.446605e-17 7.765480e-19 
7848.464741 2.990879e-17 8.586848e-19 
7851.411690 2.308081e-17 7.544099e-19 
7854.358638 1.727847e-17 6.528019e-19 
7857.305587 1.821194e-17 6.702754e-19 
7860.252536 2.346495e-17 7.609054e-19 
7863.199485 2.703684e-17 8.168528e-19 
7866.146433 2.172913e-17 7.323714e-19 
7869.093382 2.204678e-17 7.377792e-19 
7872.040331 2.299517e-17 7.535549e-19 
7874.987279 2.606792e-17 8.024013e-19 
7877.934228 2.104961e-17 7.211100e-19 
7880.881177 2.013010e-17 7.052491e-19 
7883.828126 1.862608e-17 6.784524e-19 
7886.775074 2.259187e-17 7.472619e-19 
7889.722023 1.647602e-17 6.382046e-19 
7892.668972 1.988809e-17 7.012393e-19 
7895.615920 1.993667e-17 7.021514e-19 
7898.562869 1.994362e-17 7.023279e-19 
7901.509818 1.591905e-17 6.275217e-19 
7904.456767 1.776566e-17 6.629670e-19 
7907.403715 1.695173e-17 6.476463e-19 
7910.350664 2.086794e-17 7.186193e-19 
7913.297613 2.434979e-17 7.763070e-19 
7916.244561 2.795471e-17 8.318381e-19 
7919.191510 2.903579e-17 8.478167e-19 
7922.138459 2.030542e-17 7.090282e-19 
7925.085408 1.605107e-17 6.304203e-19 
7928.032356 1.766243e-17 6.613367e-19 
7930.979305 1.776502e-17 6.632812e-19 
7933.926254 1.426828e-17 5.944515e-19 
7936.873203 2.425993e-17 7.751564e-19 
7939.820151 2.590667e-17 8.010554e-19 
7942.767100 2.065887e-17 7.153530e-19 
7945.714049 1.548755e-17 6.193942e-19 
7948.660997 2.319880e-17 7.580801e-19 
7951.607946 2.204635e-17 7.390186e-19 
7954.554895 2.225923e-17 7.425829e-19 
7957.501844 2.274427e-17 7.506312e-19 
7960.448792 1.973652e-17 6.992373e-19 
7963.395741 1.600573e-17 6.296854e-19 
7966.342690 2.290530e-17 7.532662e-19 
7969.289638 1.768554e-17 6.618845e-19 
7972.236587 2.453818e-17 7.796228e-19 
7975.183536 2.019281e-17 7.072124e-19 
7978.130485 1.511132e-17 6.117706e-19 
7981.077433 2.322060e-17 7.583293e-19 
7984.024382 2.042489e-17 7.111847e-19 
7986.971331 2.518230e-17 7.896405e-19 
7989.918279 1.705688e-17 6.498430e-19 
7992.865228 2.237537e-17 7.442492e-19 
7995.812177 1.789980e-17 6.656248e-19 
7998.759126 1.857362e-17 6.779906e-19 
8001.706074 2.384469e-17 7.681459e-19 
8004.653023 2.032706e-17 7.091839e-19 
8007.599972 1.966366e-17 6.974696e-19 
8010.546920 1.837255e-17 6.741348e-19 
8013.493869 1.593274e-17 6.277313e-19 
8016.440818 2.167725e-17 7.321409e-19 
8019.387767 2.344853e-17 7.613985e-19 
8022.334715 2.029256e-17 7.082422e-19 
8025.281664 1.786885e-17 6.645356e-19 
8028.228613 1.821004e-17 6.707793e-19 
8031.175561 1.727020e-17 6.531676e-19 
8034.122510 1.585931e-17 6.258460e-19 
8037.069459 1.533467e-17 6.153316e-19 
8040.016408 2.133849e-17 7.257684e-19 
8042.963356 1.755486e-17 6.581981e-19 
8045.910305 1.710741e-17 6.496649e-19 
8048.857254 1.979558e-17 6.987443e-19 
8051.804203 2.113582e-17 7.219016e-19 
8054.751151 2.012343e-17 7.042898e-19 
8057.698100 2.134451e-17 7.252252e-19 
8060.645049 2.163487e-17 7.300186e-19 
8063.591997 1.943367e-17 6.917654e-19 
8066.538946 2.043397e-17 7.092181e-19 
8069.485895 2.080713e-17 7.155326e-19 
8072.432844 2.088396e-17 7.167160e-19 
8075.379792 1.687243e-17 6.440869e-19 
8078.326741 1.146331e-17 5.307908e-19 
8081.273690 2.028690e-17 7.059706e-19 
8084.220638 1.974429e-17 6.963180e-19 
8087.167587 1.914409e-17 6.855039e-19 
8090.114536 1.707605e-17 6.472764e-19 
8093.061485 2.193832e-17 7.334985e-19 
8096.008433 2.198188e-17 7.340560e-19 
8098.955382 1.961315e-17 6.932142e-19 
