# wavelength F_lambda
3.805575499999999920e+03 4.844821301224232714e-16
3.811413500000000113e+03 5.391397533702789095e-16
3.817251500000000306e+03 4.280640999183844501e-16
3.823089500000000044e+03 4.131422892023912939e-16
3.828927499999999782e+03 4.041895920069894862e-16
3.834765499999999975e+03 3.143473181875982918e-16
3.840603500000000167e+03 2.328851759957938178e-16
3.846441499999999905e+03 4.095518140783016606e-16
3.852279500000000098e+03 4.115989642267345905e-16
3.858117500000000291e+03 6.644825303220901720e-16
3.863955500000000029e+03 4.676314694975716294e-16
3.869793499999999767e+03 4.270653146554536706e-16
3.875631499999999960e+03 4.700289380572888750e-16
3.881469500000000153e+03 4.019684315465018894e-16
3.887307499999999891e+03 4.291667972553009333e-16
3.893145500000000084e+03 4.851822045808660966e-16
3.898983500000000276e+03 4.107530329843885165e-16
3.904821500000000015e+03 3.418309328207795435e-16
3.910659499999999753e+03 4.023311761649930955e-16
3.916497499999999945e+03 3.891450456931292102e-16
3.922335500000000138e+03 4.434310334598244190e-16
3.928173499999999876e+03 4.290421593946164284e-16
3.934011500000000069e+03 2.981805514939046936e-16
3.939849500000000262e+03 3.309908317096366385e-16
3.945687500000000000e+03 4.460873937902566497e-16
3.951525500000000193e+03 3.538471350491710749e-16
3.957363499999999931e+03 3.788849103721168898e-16
3.963201500000000124e+03 4.368185898903272062e-16
3.969039499999999862e+03 4.368136913262340567e-16
3.974877500000000055e+03 4.211181964747604317e-16
3.980715500000000247e+03 5.085228623668113923e-16
3.986553499999999985e+03 4.552247726618468035e-16
3.992391500000000178e+03 3.420002369340736936e-16
3.998229499999999916e+03 3.762926323044261627e-16
4.004067500000000109e+03 3.102616016154203338e-16
4.009905499999999847e+03 3.748182208185941274e-16
4.015743500000000040e+03 3.204585604812595320e-16
4.021581500000000233e+03 4.418385394216199674e-16
4.027419499999999971e+03 3.849911156469319764e-16
4.033257500000000164e+03 5.083830950534101475e-16
4.039095499999999902e+03 4.818898301805894483e-16
4.044933500000000095e+03 3.566990491367854356e-16
4.050771499999999833e+03 3.658694394610439870e-16
4.056609500000000025e+03 3.849737633073403514e-16
4.062447500000000218e+03 3.804019418628116296e-16
4.068285499999999956e+03 4.179868247003060166e-16
4.074123500000000149e+03 3.629987766262751692e-16
4.079961499999999887e+03 4.413856776653092528e-16
4.085799500000000080e+03 3.634511667931831494e-16
4.091637499999999818e+03 3.931233099900428614e-16
4.097475499999999556e+03 3.483295798489263413e-16
4.103313500000000204e+03 3.878045522742948444e-16
4.109151499999999942e+03 4.095588095173941369e-16
4.114989500000000589e+03 3.576241699980262895e-16
4.120827500000000327e+03 4.092817822068395572e-16
4.126665500000000065e+03 3.473505993728095349e-16
4.132503499999999804e+03 4.090516112070212964e-16
4.138341499999999542e+03 3.141514461930073858e-16
4.144179500000000189e+03 4.999704598204385271e-16
4.150017499999999927e+03 4.132277368913336360e-16
4.155855500000000575e+03 4.324786458413328030e-16
4.161693500000000313e+03 4.167498025038214923e-16
4.167531500000000051e+03 3.522398897686632368e-16
4.173369499999999789e+03 5.430416578585547764e-16
4.179207499999999527e+03 4.743134448059548912e-16
4.185045500000000175e+03 3.938281389500673250e-16
4.190883499999999913e+03 4.308773334857427879e-16
4.196721500000000560e+03 4.414852041655684509e-16
4.202559500000000298e+03 3.929124220203767766e-16
4.208397500000000036e+03 3.765263312490279721e-16
4.214235499999999774e+03 4.727404944482195803e-16
4.220073499999999513e+03 4.187142407480230352e-16
4.225911500000000160e+03 5.197076030070301468e-16
4.231749499999999898e+03 4.126468195350794421e-16
4.237587500000000546e+03 4.493648111779457313e-16
4.243425500000000284e+03 4.501029335680105006e-16
4.249263500000000022e+03 5.008755345577296508e-16
4.255101499999999760e+03 4.589470327395234487e-16
4.260939499999999498e+03 5.144525434799501763e-16
4.266777500000000146e+03 4.838437499656682847e-16
4.272615499999999884e+03 4.000182886052347077e-16
4.278453500000000531e+03 3.685709869193090464e-16
4.284291500000000269e+03 3.984015995434962354e-16
4.290129500000000007e+03 3.895483368513300244e-16
4.295967499999999745e+03 3.961001799742773506e-16
4.301805499999999483e+03 4.336155706370663595e-16
4.307643500000000131e+03 3.663084103133013058e-16
4.313481499999999869e+03 4.192078647871412694e-16
4.319319500000000517e+03 4.447038227908226547e-16
4.325157500000000255e+03 5.049614298851600592e-16
4.330995499999999993e+03 4.252722692008821690e-16
4.336833499999999731e+03 4.537199388984847401e-16
4.342671499999999469e+03 4.897033476935894623e-16
4.348509500000000116e+03 5.232371119659103282e-16
4.354347499999999854e+03 5.097768711638336540e-16
4.360185500000000502e+03 2.979183935971069341e-16
4.366023500000000240e+03 5.358219546979983490e-16
4.371861499999999978e+03 4.228270135292895426e-16
4.377699499999999716e+03 4.378624591131593461e-16
4.383537499999999454e+03 4.244487538399603191e-16
4.389375500000000102e+03 4.103145612615898188e-16
4.395213499999999840e+03 4.258563877951815855e-16
4.401051500000000487e+03 3.903491903750196134e-16
4.406889500000000226e+03 3.925603776037370767e-16
4.412727499999999964e+03 3.064711382060848139e-16
4.418565499999999702e+03 3.348168771500363602e-16
4.424403499999999440e+03 4.083908019553579269e-16
4.430241500000000087e+03 3.747253752115404686e-16
4.436079499999999825e+03 3.849382507157112819e-16
4.441917500000000473e+03 3.635528040328511055e-16
4.447755500000000211e+03 3.048684334838847234e-16
4.453593499999999949e+03 3.491535223773326917e-16
4.459431499999999687e+03 3.031171177366215495e-16
4.465269499999999425e+03 3.176859465291264814e-16
4.471107500000000073e+03 3.961753264319216923e-16
4.476945499999999811e+03 2.953330596156480836e-16
4.482783500000000458e+03 3.154047907016148936e-16
4.488621500000000196e+03 4.042892945538899254e-16
4.494459499999999935e+03 4.082270301562802197e-16
4.500297499999999673e+03 3.501209161851402412e-16
4.506135500000000320e+03 4.458545175362702588e-16
4.511973500000000058e+03 3.924426463834874824e-16
4.517811499999999796e+03 4.632079326597787125e-16
4.523649500000000444e+03 3.716460577627379679e-16
4.529487500000000182e+03 4.567428702817709376e-16
4.535325499999999920e+03 3.738790746700194754e-16
4.541163499999999658e+03 3.970405870015881462e-16
4.547001500000000306e+03 3.694800414123566788e-16
4.552839500000000044e+03 3.706757723148209296e-16
4.558677499999999782e+03 3.484429683837440655e-16
4.564515500000000429e+03 3.954812166996538191e-16
4.570353500000000167e+03 3.956274299116612365e-16
4.576191499999999905e+03 3.497372795819511366e-16
4.582029499999999643e+03 3.745912719086552286e-16
4.587867500000000291e+03 3.911139259746274350e-16
4.593705500000000029e+03 4.461316930545064079e-16
4.599543499999999767e+03 4.007577405209158093e-16
4.605381500000000415e+03 4.694342130971373819e-16
4.611219500000000153e+03 3.843049721761427153e-16
4.617057499999999891e+03 3.979523997244028634e-16
4.622895499999999629e+03 3.375405068395096564e-16
4.628733500000000276e+03 3.484084134827468084e-16
4.634571500000000015e+03 4.062760752118871849e-16
4.640409499999999753e+03 4.314859378861801293e-16
4.646247500000000400e+03 4.488294805962196257e-16
4.652085500000000138e+03 3.996441295179588697e-16
4.657923499999999876e+03 4.477734611036565841e-16
4.663761499999999614e+03 4.046536187008740494e-16
4.669599500000000262e+03 3.552053812383448274e-16
4.675437500000000000e+03 3.066005646573342936e-16
4.681275500000000648e+03 3.756062247027309249e-16
4.687113500000000386e+03 4.441148160391220509e-16
4.692951500000000124e+03 4.489913453699832383e-16
4.698789499999999862e+03 3.827898254128297318e-16
4.704627499999999600e+03 3.715555097254702782e-16
4.710465500000000247e+03 4.102112126714162625e-16
4.716303499999999985e+03 4.782920153123655088e-16
4.722141500000000633e+03 3.927563048113659246e-16
4.727979500000000371e+03 4.388571870380757516e-16
4.733817500000000109e+03 4.566409384212947652e-16
4.739655499999999847e+03 4.405212865764775526e-16
4.745493499999999585e+03 4.437553599253428782e-16
4.751331500000000233e+03 4.680659359308300068e-16
4.757169499999999971e+03 4.395106043298985602e-16
4.763007500000000618e+03 4.125330151088788479e-16
4.768845500000000357e+03 3.875114980179966252e-16
4.774683500000000095e+03 3.770842880677910409e-16
4.780521499999999833e+03 3.463403664171322192e-16
4.786359499999999571e+03 4.283100163837121197e-16
4.792197500000000218e+03 3.797237752748054610e-16
4.798035499999999956e+03 3.714167982839870398e-16
4.803873500000000604e+03 3.431269267816614624e-16
4.809711500000000342e+03 3.748731016050212782e-16
4.815549500000000080e+03 3.651283117783166524e-16
4.821387499999999818e+03 3.518482033163990201e-16
4.827225499999999556e+03 3.917034864437561188e-16
4.833063500000000204e+03 2.945687402337150830e-16
4.838901499999999942e+03 4.256721050268957079e-16
4.844739500000000589e+03 3.550273423805172613e-16
4.850577500000000327e+03 4.094739178162541498e-16
4.856415500000000065e+03 4.060786155222849227e-16
4.862253499999999804e+03 4.167908159742885433e-16
4.868091499999999542e+03 4.200879241168649583e-16
4.873929500000000189e+03 3.858807568924606302e-16
4.879767499999999927e+03 3.338071410936172660e-16
4.885605500000000575e+03 nan
4.891443500000000313e+03 nan
4.897281500000000051e+03 nan
4.903119499999999789e+03 nan
4.908957499999999527e+03 nan
4.914795500000000175e+03 nan
4.920633499999999913e+03 nan
4.926471500000000560e+03 nan
4.932309500000000298e+03 nan
4.938147500000000036e+03 nan
4.943985499999999774e+03 nan
4.949823499999999513e+03 nan
4.955661500000000160e+03 nan
4.961499499999999898e+03 nan
4.967337500000000546e+03 nan
4.973175500000000284e+03 nan
4.979013500000000022e+03 nan
4.984851499999999760e+03 nan
4.990689499999999498e+03 nan
4.996527500000000146e+03 nan
5.002365499999999884e+03 nan
5.008203500000000531e+03 nan
5.014041500000000269e+03 nan
5.019879500000000007e+03 nan
5.025717499999999745e+03 nan
5.031555499999999483e+03 nan
5.037393500000000131e+03 nan
5.043231499999999869e+03 nan
5.049069500000000517e+03 nan
5.054907500000000255e+03 nan
5.060745499999999993e+03 nan
5.066583499999999731e+03 nan
5.072421499999999469e+03 nan
5.078259500000000116e+03 nan
5.084097499999999854e+03 nan
5.089935500000000502e+03 nan
5.095773500000000240e+03 nan
5.101611499999999978e+03 nan
5.107449499999999716e+03 nan
5.113287499999999454e+03 nan
5.119125500000000102e+03 nan
5.124963499999999840e+03 nan
5.130801500000000487e+03 nan
5.136639500000000226e+03 4.077713180546969399e-16
5.142477499999999964e+03 4.069074911499816052e-16
5.148315499999999702e+03 4.194411294982792495e-16
5.154153499999999440e+03 3.964488007927898586e-16
5.159991500000000087e+03 3.584636191171063819e-16
5.165829499999999825e+03 3.510673063550520595e-16
5.171667500000000473e+03 4.042126873385031868e-16
5.177505500000000211e+03 3.524526137933976649e-16
5.183343499999999949e+03 3.750224144891934211e-16
5.189181499999999687e+03 3.518492712527960397e-16
5.195019500000000335e+03 3.431413724111867260e-16
5.200857500000000073e+03 4.002330389843011971e-16
5.206695499999999811e+03 3.774188267034503550e-16
5.212533500000000458e+03 3.852176024256109232e-16
5.218371500000000196e+03 3.795320301878664905e-16
5.224209499999999935e+03 4.560324583778556449e-16
5.230047499999999673e+03 4.253704481530021125e-16
5.235885500000000320e+03 3.218836252810581779e-16
5.241723500000000058e+03 4.348076880073518299e-16
5.247561499999999796e+03 3.296985024486059945e-16
5.253399500000000444e+03 3.665807452293297013e-16
5.259237500000000182e+03 4.456320316569762347e-16
5.265075499999999920e+03 3.857917497521510303e-16
5.270913499999999658e+03 3.994248814104497709e-16
5.276751500000000306e+03 3.650311986463091825e-16
5.282589500000000044e+03 3.361863183161295769e-16
5.288427499999999782e+03 3.303439118525675030e-16
5.294265500000000429e+03 4.341155099664908765e-16
5.300103500000000167e+03 4.027695664674437048e-16
5.305941499999999905e+03 4.118640855403784026e-16
5.311779499999999643e+03 3.577471908901754535e-16
5.317617500000000291e+03 4.020767657309424501e-16
5.323455500000000029e+03 4.232597282572931063e-16
5.329293499999999767e+03 3.917731498501030950e-16
5.335131500000000415e+03 4.200924747502196551e-16
5.340969500000000153e+03 4.147276160583670212e-16
5.346807499999999891e+03 4.234611510383378925e-16
5.352645499999999629e+03 4.209683156890793909e-16
5.358483500000000276e+03 4.100808966945142316e-16
5.364321500000000015e+03 4.066593902652330289e-16
5.370159500000000662e+03 3.968133462854731737e-16
5.375997500000000400e+03 4.129513063484027030e-16
5.381835500000000138e+03 4.329449617169028422e-16
5.387673499999999876e+03 3.580884010182984953e-16
5.393511499999999614e+03 4.183526163319934691e-16
5.399349500000000262e+03 4.056481437486826354e-16
5.405187500000000000e+03 3.744161162344277251e-16
5.411025500000000648e+03 4.429958041124420603e-16
5.416863500000000386e+03 4.053017479264441832e-16
5.422701500000000124e+03 3.812338187556553310e-16
5.428539499999999862e+03 3.976975349884768462e-16
5.434377499999999600e+03 4.181400312716069206e-16
5.440215500000000247e+03 4.543019038295476083e-16
5.446053499999999985e+03 3.839443358790361784e-16
5.451891500000000633e+03 4.335380772325851671e-16
5.457729500000000371e+03 4.686267316413203500e-16
5.463567500000000109e+03 3.847086994028985402e-16
5.469405499999999847e+03 3.761489579285822615e-16
5.475243499999999585e+03 4.320672111987033308e-16
5.481081500000000233e+03 4.299408249494451983e-16
5.486919499999999971e+03 3.668845478346683496e-16
5.492757500000000618e+03 4.401459713217117938e-16
5.498595500000000357e+03 4.218949810146869125e-16
5.504433500000000095e+03 3.970839227150124403e-16
5.510271499999999833e+03 3.998353832287504418e-16
5.516109499999999571e+03 4.081519991037986639e-16
5.521947500000000218e+03 4.401382994197180590e-16
5.527785499999999956e+03 3.611149728368783724e-16
5.533623500000000604e+03 4.087947973720962685e-16
5.539461500000000342e+03 3.973647901106273758e-16
5.545299500000000080e+03 3.734143959514381218e-16
5.551137499999999818e+03 3.938540191214071984e-16
5.556975499999999556e+03 3.945635897398708884e-16
5.562813500000000204e+03 4.089686253403182118e-16
5.568651499999999942e+03 3.914434485591626419e-16
5.574489500000000589e+03 4.094200082148404135e-16
5.580327500000000327e+03 3.797811715734652321e-16
5.586165500000000065e+03 4.369894272229579977e-16
5.592003499999999804e+03 3.986544075513363309e-16
5.597841499999999542e+03 4.208956656305758043e-16
5.603679500000000189e+03 3.811148334576709384e-16
5.609517499999999927e+03 4.079192102698372921e-16
5.615355500000000575e+03 3.895959455964529485e-16
5.621193500000000313e+03 3.964417931550663600e-16
5.627031500000000051e+03 4.137538696933831881e-16
5.632869499999999789e+03 4.329025925285921356e-16
5.638707499999999527e+03 4.094284203784698415e-16
5.644545500000000175e+03 3.841510056107141301e-16
5.650383499999999913e+03 4.159549826667516611e-16
5.656221500000000560e+03 4.115863271204266766e-16
5.662059500000000298e+03 3.861488208307967398e-16
5.667897500000000036e+03 3.746074166610075844e-16
5.673735499999999774e+03 3.820963360083644160e-16
5.679573500000000422e+03 3.574369143609174125e-16
5.685411500000000160e+03 4.273675276894533103e-16
5.691249499999999898e+03 3.892493157928280270e-16
5.697087499999999636e+03 4.288642943896295212e-16
5.702925500000000284e+03 3.797163439838731024e-16
5.708763500000000022e+03 3.871935470993430571e-16
5.714601499999999760e+03 4.122889660465386507e-16
5.720439500000000407e+03 3.810364044379136605e-16
5.726277500000000146e+03 3.672266029381266156e-16
5.732115499999999884e+03 3.541084973625298679e-16
5.737953499999999622e+03 3.352411309716942053e-16
5.743791500000000269e+03 4.036805369905203829e-16
5.749629500000000007e+03 3.922299807961610922e-16
5.755467499999999745e+03 3.822438177785099831e-16
5.761305500000000393e+03 3.447736114702836097e-16
5.767143500000000131e+03 4.046131706570641415e-16
5.772981499999999869e+03 3.136526420659449617e-16
5.778819499999999607e+03 3.639928366366682647e-16
5.784657500000000255e+03 3.882741683570090066e-16
5.790495499999999993e+03 3.435660334549505931e-16
5.796333499999999731e+03 3.653331493838349337e-16
5.802171500000000378e+03 3.486962604268896719e-16
5.808009500000000116e+03 3.574525044859404802e-16
5.813847499999999854e+03 3.608720484213623323e-16
5.819685499999999593e+03 4.119407970740623922e-16
5.825523500000000240e+03 3.807904955882724412e-16
5.831361499999999978e+03 4.004187491318436689e-16
5.837199499999999716e+03 3.905449168489692013e-16
5.843037500000000364e+03 3.770685604113396315e-16
5.848875500000000102e+03 3.335520855243782629e-16
5.854713499999999840e+03 3.776361590736175749e-16
5.860551499999999578e+03 3.534902525115841808e-16
5.866389500000000226e+03 3.752463111945676387e-16
5.872227499999999964e+03 3.074591790690309996e-16
5.878065499999999702e+03 3.610436197330209568e-16
5.883903500000000349e+03 3.778876524069474386e-16
5.889741500000000087e+03 3.368392402872988084e-16
5.895579499999999825e+03 3.215413171047362184e-16
5.901417499999999563e+03 3.131473541088232470e-16
5.907255500000000211e+03 3.522275422221820282e-16
5.913093499999999949e+03 3.496825868393926154e-16
5.918931499999999687e+03 3.867035625793310592e-16
5.924769500000000335e+03 3.621201209244597676e-16
5.930607500000000073e+03 3.527716310231334283e-16
5.936445499999999811e+03 3.445577595143641424e-16
5.942283499999999549e+03 3.329508205026071624e-16
5.948121500000000196e+03 3.458533511609276714e-16
5.953959499999999935e+03 3.358936028657462013e-16
5.959797499999999673e+03 3.219022119089570705e-16
5.965635500000000320e+03 3.408362966778994137e-16
5.971473500000000058e+03 3.636076417894994453e-16
5.977311499999999796e+03 3.917694104505633409e-16
5.983149500000000444e+03 3.627419400845170283e-16
5.988987500000000182e+03 3.410454335798284281e-16
5.994825499999999920e+03 3.635317942951384681e-16
6.000663500000000568e+03 3.728279321087823937e-16
6.006501500000000306e+03 3.799537509628390073e-16
6.012339500000000044e+03 4.145788376041043822e-16
6.018177499999999782e+03 3.336570934971240429e-16
6.024015500000000429e+03 3.683866833127430897e-16
6.029853500000000167e+03 3.549205270251085556e-16
6.035691499999999905e+03 3.571687939166603893e-16
6.041529500000000553e+03 3.433259916320833808e-16
6.047367500000000291e+03 3.516538317166384463e-16
6.053205500000000029e+03 3.528184529795400784e-16
6.059043499999999767e+03 3.345801094394640226e-16
6.064881500000000415e+03 3.470749746651877388e-16
6.070719500000000153e+03 3.679934162055120574e-16
6.076557499999999891e+03 3.453411045034718213e-16
6.082395500000000538e+03 3.633809566788482818e-16
6.088233500000000276e+03 3.158399084027721611e-16
6.094071500000000015e+03 3.753485421020945080e-16
6.099909499999999753e+03 3.594576518023087910e-16
6.105747500000000400e+03 3.783396110216983998e-16
6.111585500000000138e+03 3.862395158071317909e-16
6.117423499999999876e+03 3.801663905286622668e-16
6.123261500000000524e+03 3.769135570212990330e-16
6.129099500000000262e+03 3.198613380160931082e-16
6.134937500000000000e+03 3.394188269793905704e-16
6.140775499999999738e+03 3.361369363458359352e-16
6.146613500000000386e+03 3.668897569340536603e-16
6.152451500000000124e+03 3.289543327352821625e-16
6.158289499999999862e+03 3.818681696428465925e-16
6.164127500000000509e+03 3.217133878830519100e-16
6.169965500000000247e+03 3.344755860898729407e-16
6.175803499999999985e+03 3.431926079051919306e-16
6.181641499999999724e+03 3.830917607592269090e-16
6.187479500000000371e+03 3.600698052725824915e-16
6.193317500000000109e+03 3.374441425828581632e-16
6.199155499999999847e+03 3.463963044972619949e-16
6.204993500000000495e+03 3.194093338561222224e-16
6.210831500000000233e+03 3.475101034366059067e-16
6.216669499999999971e+03 3.305632459664167798e-16
6.222507499999999709e+03 3.074700031292663512e-16
6.228345500000000357e+03 3.458284800040895717e-16
6.234183500000000095e+03 3.552575639247058920e-16
6.240021499999999833e+03 3.488312304983889248e-16
6.245859500000000480e+03 3.112825964966227459e-16
6.251697500000000218e+03 3.538865369737906289e-16
6.257535499999999956e+03 3.165659967137786386e-16
6.263373499999999694e+03 3.452738777779538380e-16
6.269211500000000342e+03 3.555803547009346826e-16
6.275049500000000080e+03 2.898353353337502798e-16
6.280887499999999818e+03 3.223557652493510922e-16
6.286725500000000466e+03 3.210243202448044923e-16
6.292563500000000204e+03 2.794130743151933753e-16
6.298401499999999942e+03 3.308672132361603615e-16
6.304239499999999680e+03 3.261732766943464002e-16
6.310077500000000327e+03 2.905187335044558184e-16
6.315915500000000065e+03 3.312820180535123525e-16
6.321753499999999804e+03 3.279597946901269521e-16
6.327591500000000451e+03 3.483838851067538775e-16
6.333429500000000189e+03 3.325645102610413712e-16
6.339267499999999927e+03 3.328145291497232177e-16
6.345105499999999665e+03 3.092570809261647129e-16
6.350943500000000313e+03 3.228756932532128421e-16
6.356781500000000051e+03 3.620981831570942031e-16
6.362619499999999789e+03 3.362769991254165495e-16
6.368457500000000437e+03 3.228196019601112487e-16
6.374295500000000175e+03 3.279185271096798880e-16
6.380133499999999913e+03 3.180761082588845796e-16
6.385971499999999651e+03 3.503495703129435783e-16
6.391809500000000298e+03 3.150712144541483259e-16
6.397647500000000036e+03 3.164636677477248553e-16
6.403485499999999774e+03 3.237874752447559709e-16
6.409323500000000422e+03 3.164502049147051614e-16
6.415161500000000160e+03 3.333110212451570844e-16
6.420999499999999898e+03 3.636227866902753716e-16
6.426837499999999636e+03 3.064753172283100006e-16
6.432675500000000284e+03 3.236279026029664424e-16
6.438513500000000022e+03 3.285381128980730717e-16
6.444351499999999760e+03 3.297195168629462050e-16
6.450189500000000407e+03 3.288654549177234220e-16
6.456027500000000146e+03 3.193729529640779088e-16
6.461865499999999884e+03 2.986721338614802850e-16
6.467703499999999622e+03 3.112738734402887418e-16
6.473541500000000269e+03 3.295173580687048254e-16
6.479379500000000007e+03 3.493261714048565488e-16
6.485217499999999745e+03 2.840988863412934181e-16
6.491055500000000393e+03 3.018386741250254428e-16
6.496893500000000131e+03 2.991563969926524624e-16
6.502731499999999869e+03 3.084760551402916699e-16
6.508569499999999607e+03 2.857177725782298500e-16
6.514407500000000255e+03 3.193832610877021531e-16
6.520245499999999993e+03 3.237657098169507105e-16
6.526083499999999731e+03 3.094797026117718342e-16
6.531921500000000378e+03 3.034436749576505302e-16
6.537759500000000116e+03 3.071139391390599918e-16
6.543597499999999854e+03 3.187274721028358641e-16
6.549435499999999593e+03 2.891299447175822607e-16
6.555273500000000240e+03 2.907637529456658149e-16
6.561111499999999978e+03 2.914591283134377348e-16
6.566949499999999716e+03 3.182264388486976382e-16
6.572787500000000364e+03 3.158604960395244936e-16
6.578625500000000102e+03 2.849148273093932070e-16
6.584463499999999840e+03 2.678762967579414751e-16
6.590301499999999578e+03 2.845306074968609250e-16
6.596139500000000226e+03 2.773875857670926810e-16
6.601977499999999964e+03 3.181308878517651002e-16
6.607815499999999702e+03 2.928869607803848093e-16
6.613653500000000349e+03 3.124638538061663042e-16
6.619491500000000087e+03 2.806019123909441852e-16
6.625329499999999825e+03 2.645310503853707691e-16
6.631167499999999563e+03 2.933338301588828740e-16
6.637005500000000211e+03 2.579011510510856656e-16
6.642843499999999949e+03 2.945135312611933273e-16
6.648681499999999687e+03 2.663207544270046877e-16
6.654519500000000335e+03 3.076666922161286320e-16
6.660357500000000073e+03 2.808113398838931611e-16
6.666195499999999811e+03 2.724804526368497257e-16
6.672033499999999549e+03 2.707977315124740373e-16
6.677871500000000196e+03 2.876384699010198032e-16
6.683709499999999935e+03 2.960971726762494093e-16
6.689547500000000582e+03 2.768737412930734003e-16
6.695385500000000320e+03 2.992799835965823378e-16
6.701223500000000058e+03 3.206294352380305432e-16
6.707061499999999796e+03 2.679020128039106923e-16
6.712899500000000444e+03 2.559824814833219492e-16
6.718737500000000182e+03 2.549521804671699196e-16
6.724575499999999920e+03 2.704868604676912319e-16
6.730413500000000568e+03 2.849866327678586938e-16
6.736251500000000306e+03 2.552171851991784523e-16
6.742089500000000044e+03 2.861366468038507254e-16
6.747927499999999782e+03 2.939461799606370945e-16
6.753765500000000429e+03 2.695614369988762318e-16
6.759603500000000167e+03 2.720865489292713819e-16
6.765441499999999905e+03 2.559554137080139722e-16
6.771279500000000553e+03 2.556657550321108752e-16
6.777117500000000291e+03 2.873407454201363875e-16
6.782955500000000029e+03 2.486405962084909028e-16
6.788793499999999767e+03 2.772462993249417411e-16
6.794631500000000415e+03 2.708732030849695657e-16
6.800469500000000153e+03 2.478035941301829810e-16
6.806307499999999891e+03 2.557062754240176156e-16
6.812145500000000538e+03 2.562352098447700446e-16
6.817983500000000276e+03 2.604509713557843192e-16
6.823821500000000015e+03 2.470446156820375269e-16
6.829659499999999753e+03 2.675721243420374859e-16
6.835497500000000400e+03 2.644710993529707490e-16
6.841335500000000138e+03 2.847247804365633135e-16
6.847173499999999876e+03 2.518195449915811786e-16
6.853011500000000524e+03 2.508508301780315315e-16
6.858849500000000262e+03 2.403875859370828781e-16
6.864687500000000000e+03 2.294554620702690215e-16
6.870525499999999738e+03 1.919794733244734509e-16
6.876363500000000386e+03 2.322585842834966806e-16
6.882201500000000124e+03 2.026819024413634754e-16
6.888039499999999862e+03 2.135627592366445054e-16
6.893877500000000509e+03 2.254012306677310171e-16
6.899715500000000247e+03 2.340319104800174529e-16
6.905553499999999985e+03 2.636142981931190002e-16
6.911391499999999724e+03 2.191442887771094901e-16
6.917229500000000371e+03 2.242785321021164427e-16
6.923067500000000109e+03 2.262882858386269726e-16
6.928905499999999847e+03 2.299694183506225748e-16
6.934743500000000495e+03 1.951139695935750448e-16
6.940581500000000233e+03 2.421236984307203840e-16
6.946419499999999971e+03 2.364360847927490993e-16
6.952257499999999709e+03 2.299234099926841771e-16
6.958095500000000357e+03 2.281774379749328304e-16
6.963933500000000095e+03 2.456682968504670839e-16
6.969771499999999833e+03 2.133459252750973678e-16
6.975609500000000480e+03 2.244284184780037369e-16
6.981447500000000218e+03 2.327747819494270648e-16
6.987285499999999956e+03 2.448645452012546568e-16
6.993123499999999694e+03 2.646040438670782114e-16
6.998961500000000342e+03 2.136922375316677796e-16
7.004799500000000080e+03 2.520349531151361037e-16
7.010637499999999818e+03 2.330673354352297917e-16
7.016475500000000466e+03 2.230594900628048778e-16
7.022313500000000204e+03 2.398589317260828434e-16
7.028151499999999942e+03 2.182716549776433049e-16
7.033989499999999680e+03 2.116881311711673160e-16
7.039827500000000327e+03 2.485127019253349719e-16
7.045665500000000065e+03 1.718301969273466774e-16
7.051503499999999804e+03 2.513981273577854326e-16
7.057341500000000451e+03 2.085704725825243355e-16
7.063179500000000189e+03 2.333679839055170267e-16
7.069017499999999927e+03 2.189907198820813216e-16
7.074855499999999665e+03 2.347132928770212988e-16
7.080693500000000313e+03 2.098718485612124793e-16
7.086531500000000051e+03 2.395059778646886268e-16
7.092369499999999789e+03 2.053112424498611846e-16
7.098207500000000437e+03 2.243989827297299465e-16
7.104045500000000175e+03 2.168878844591234084e-16
7.109883499999999913e+03 2.152228362197275433e-16
7.115721499999999651e+03 2.241281856058720821e-16
7.121559500000000298e+03 2.358225835287565461e-16
7.127397500000000036e+03 2.176987268431754774e-16
7.133235499999999774e+03 1.701143648911702486e-16
7.139073500000000422e+03 1.996422157847824168e-16
7.144911500000000160e+03 1.928273958520075643e-16
7.150749499999999898e+03 1.975354692233193077e-16
7.156587499999999636e+03 2.076976233033890969e-16
7.162425500000000284e+03 2.204452842905711497e-16
7.168263500000000022e+03 1.885268588918071916e-16
7.174101499999999760e+03 2.047922982281006208e-16
7.179939500000000407e+03 1.774056433294643679e-16
7.185777500000000146e+03 1.747755560115541830e-16
7.191615499999999884e+03 1.776842161478237183e-16
7.197453499999999622e+03 2.019970360023876748e-16
7.203291500000000269e+03 1.719771488350681534e-16
7.209129500000000007e+03 1.800384442579074499e-16
7.214967499999999745e+03 1.852307282414609124e-16
7.220805500000000393e+03 2.328363977846804362e-16
7.226643500000000131e+03 1.697986701171111946e-16
7.232481499999999869e+03 2.000259184067132374e-16
7.238319499999999607e+03 2.018652218139371734e-16
7.244157500000000255e+03 1.785707814233158647e-16
7.249995499999999993e+03 1.553466812507755794e-16
7.255833499999999731e+03 1.321931276524659706e-16
7.261671500000000378e+03 1.789923890806957565e-16
7.267509500000000116e+03 1.772220788025444657e-16
7.273347499999999854e+03 1.584082762863328715e-16
7.279185499999999593e+03 1.688940747930028739e-16
7.285023500000000240e+03 1.927939671585992658e-16
7.290861499999999978e+03 1.890716194576867612e-16
7.296699499999999716e+03 1.825318892195211460e-16
7.302537500000000364e+03 1.417545343069550355e-16
7.308375500000000102e+03 1.851540367214864342e-16
7.314213499999999840e+03 1.629283665136349876e-16
7.320051499999999578e+03 2.005316205016968306e-16
7.325889500000000226e+03 2.054622445651777044e-16
7.331727499999999964e+03 1.946557320420513015e-16
7.337565499999999702e+03 1.693036622356486590e-16
7.343403500000000349e+03 1.791055217366131223e-16
7.349241500000000087e+03 1.792383745836453539e-16
7.355079499999999825e+03 2.042302716936779473e-16
7.360917499999999563e+03 1.984224029650056115e-16
7.366755500000000211e+03 1.569162506428847867e-16
7.372593499999999949e+03 1.625437146264251031e-16
7.378431500000000597e+03 1.913623571911344912e-16
7.384269500000000335e+03 1.893730009720067587e-16
7.390107500000000073e+03 1.759671506354854139e-16
7.395945499999999811e+03 1.772207428669619341e-16
7.401783500000000458e+03 1.636804028479243223e-16
7.407621500000000196e+03 1.903557481812428019e-16
7.413459499999999935e+03 1.680937480791996742e-16
7.419297500000000582e+03 1.640267948160863838e-16
7.425135500000000320e+03 1.754446652868552613e-16
7.430973500000000058e+03 1.883892399681013041e-16
7.436811499999999796e+03 1.902983894992421413e-16
7.442649500000000444e+03 1.727713462071370941e-16
7.448487500000000182e+03 1.962630729393825545e-16
7.454325499999999920e+03 1.733579190688219320e-16
7.460163500000000568e+03 1.799345055843875171e-16
7.466001500000000306e+03 1.924458382451420725e-16
7.471839500000000044e+03 1.963551452601524586e-16
7.477677499999999782e+03 2.012557859310658137e-16
7.483515500000000429e+03 1.715996111442935397e-16
7.489353500000000167e+03 1.610553611367475983e-16
7.495191499999999905e+03 1.737592236599043726e-16
7.501029500000000553e+03 1.812786376772485238e-16
7.506867500000000291e+03 1.351050527846840434e-16
7.512705500000000029e+03 1.406133200688367914e-16
7.518543499999999767e+03 1.681751047811140223e-16
7.524381500000000415e+03 1.956827778994093970e-16
7.530219500000000153e+03 1.509839281773575589e-16
7.536057499999999891e+03 1.207067544041808383e-16
7.541895500000000538e+03 1.801498333744506709e-16
7.547733500000000276e+03 1.745986505882903712e-16
7.553571500000000015e+03 nan
7.559409499999999753e+03 nan
7.565247500000000400e+03 nan
7.571085500000000138e+03 nan
7.576923499999999876e+03 nan
7.582761500000000524e+03 nan
7.588599500000000262e+03 nan
7.594437500000000000e+03 nan
7.600275499999999738e+03 nan
7.606113500000000386e+03 nan
7.611951500000000124e+03 nan
7.617789499999999862e+03 nan
7.623627500000000509e+03 nan
7.629465500000000247e+03 nan
7.635303499999999985e+03 nan
7.641141499999999724e+03 nan
7.646979500000000371e+03 nan
7.652817500000000109e+03 nan
7.658655499999999847e+03 nan
7.664493500000000495e+03 nan
7.670331500000000233e+03 1.403749430894663508e-16
7.676169499999999971e+03 1.435013174405013733e-16
7.682007499999999709e+03 1.417737352431823507e-16
7.687845500000000357e+03 1.570826502569478200e-16
7.693683500000000095e+03 1.452609352445880956e-16
7.699521499999999833e+03 1.639224233134057373e-16
7.705359500000000480e+03 1.436043195623945418e-16
7.711197500000000218e+03 1.777876263810033046e-16
7.717035499999999956e+03 1.482250238981510641e-16
7.722873499999999694e+03 1.660156077322211122e-16
7.728711500000000342e+03 1.779476190255629411e-16
7.734549500000000080e+03 1.723110042573679462e-16
7.740387499999999818e+03 1.348803251490013053e-16
7.746225500000000466e+03 1.570593449607935161e-16
7.752063500000000204e+03 1.550986319648103060e-16
7.757901499999999942e+03 1.399014297998364103e-16
7.763739499999999680e+03 1.616648195551465621e-16
7.769577500000000327e+03 1.643804267916105667e-16
7.775415500000000065e+03 1.630138506006524315e-16
7.781253499999999804e+03 1.319547081160315831e-16
7.787091500000000451e+03 1.616563971132951144e-16
7.792929500000000189e+03 1.731359589553252114e-16
7.798767499999999927e+03 1.073656165785816274e-16
7.804605499999999665e+03 1.371403428145195168e-16
7.810443500000000313e+03 1.630432314007410566e-16
7.816281500000000051e+03 1.668536017368699939e-16
7.822119499999999789e+03 1.356226660986437095e-16
7.827957500000000437e+03 1.397299112207690755e-16
7.833795500000000175e+03 1.735024911689760266e-16
7.839633499999999913e+03 1.539177634088096740e-16
7.845471499999999651e+03 1.718532885980582371e-16
7.851309500000000298e+03 1.477867342646413449e-16
7.857147500000000036e+03 1.664271179761124642e-16
7.862985499999999774e+03 1.355282269462701849e-16
7.868823500000000422e+03 1.709091249315543950e-16
7.874661500000000160e+03 1.605845682842318243e-16
7.880499499999999898e+03 1.753870929351163799e-16
7.886337499999999636e+03 1.418265825509501378e-16
7.892175500000000284e+03 1.466569168407473772e-16
7.898013500000000022e+03 1.524911634787742640e-16
7.903851499999999760e+03 1.744968850153814755e-16
7.909689500000000407e+03 1.339591792522604034e-16
7.915527500000000146e+03 1.173953807270724264e-16
7.921365499999999884e+03 1.860553792769868218e-16
7.927203499999999622e+03 1.642841424672111422e-16
7.933041500000000269e+03 1.336718517024072156e-16
7.938879500000000007e+03 1.201038012967387268e-16
7.944717499999999745e+03 1.717138104228651786e-16
7.950555500000000393e+03 1.523103053657948493e-16
7.956393500000000131e+03 1.495625876553451875e-16
7.962231499999999869e+03 1.608273681707480879e-16
7.968069499999999607e+03 1.360559708988552295e-16
7.973907500000000255e+03 1.249072306180488023e-16
7.979745499999999993e+03 1.457120694152131976e-16
7.985583499999999731e+03 1.273030322061363844e-16
7.991421500000000378e+03 1.759143571558725323e-16
7.997259500000000116e+03 1.393684466165137186e-16
8.003097499999999854e+03 1.389822034033278668e-16
8.008935499999999593e+03 1.612579246599653626e-16
8.014773500000000240e+03 1.519228569777398045e-16
8.020611499999999978e+03 1.230687859853369125e-16
8.026449499999999716e+03 1.527064167349826371e-16
8.032287500000000364e+03 1.214331627940068872e-16
8.038125500000000102e+03 1.367379678441005356e-16
8.043963499999999840e+03 1.114378169808458961e-16
8.049801499999999578e+03 1.296726685484093148e-16
8.055639500000000226e+03 1.315136317893344665e-16
8.061477499999999964e+03 1.513495110637918961e-16
8.067315499999999702e+03 1.471806530808353147e-16
8.073153500000000349e+03 1.440222673075158262e-16
8.078991500000000087e+03 1.465719559684450916e-16
8.084829499999999825e+03 1.109028260335510101e-16
8.090667500000000473e+03 1.410688181655758086e-16
8.096505500000000211e+03 1.285871551368027588e-16
8.102343499999999949e+03 1.490135590595173708e-16
8.108181500000000597e+03 1.407970112938182512e-16
8.114019500000000335e+03 1.227761054606086412e-16
8.119857500000000073e+03 1.391496604539123547e-16
8.125695499999999811e+03 1.486299151839351245e-16
8.131533500000000458e+03 1.253225132034959488e-16
8.137371500000000196e+03 1.430190561855189308e-16
8.143209499999999935e+03 1.238801003612114066e-16
8.149047500000000582e+03 1.226783593748709011e-16
8.154885500000000320e+03 1.188945197114918682e-16
8.160723500000000058e+03 1.202530415134486301e-16
8.166561499999999796e+03 1.286649204735763307e-16
8.172399500000000444e+03 nan
8.178237500000000182e+03 nan
8.184075499999999920e+03 nan
8.189913500000000568e+03 nan
8.195751500000000306e+03 nan
8.201589500000000044e+03 nan
8.207427499999999782e+03 nan
8.213265500000001339e+03 nan
8.219103500000001077e+03 nan
8.224941500000000815e+03 nan
8.230779500000000553e+03 nan
8.236617500000000291e+03 nan
8.242455500000000029e+03 nan
8.248293499999999767e+03 nan
8.254131499999999505e+03 nan
8.259969499999999243e+03 nan
8.265807499999998981e+03 nan
8.271645499999998719e+03 nan
8.277483500000000276e+03 nan
8.283321500000000015e+03 nan
8.289159499999999753e+03 nan
8.294997500000001310e+03 nan
8.300835500000001048e+03 nan
8.306673500000000786e+03 nan
8.312511500000000524e+03 nan
8.318349500000000262e+03 nan
8.324187500000000000e+03 1.191147337521061230e-16
8.330025499999999738e+03 9.882810238868546918e-17
8.335863499999999476e+03 1.258997136374376957e-16
8.341701499999999214e+03 1.292027453402951766e-16
8.347539499999998952e+03 1.401085206132692123e-16
8.353377499999998690e+03 1.339387924145356069e-16
8.359215500000000247e+03 1.449282306626515356e-16
8.365053499999999985e+03 1.201266909288009555e-16
8.370891499999999724e+03 1.133169027448245606e-16
8.376729500000001281e+03 1.362744946378473669e-16
8.382567500000001019e+03 1.358474793965007135e-16
8.388405500000000757e+03 1.416777685138325716e-16
8.394243500000000495e+03 1.553256203204378895e-16
8.400081500000000233e+03 1.378664968373700032e-16
8.405919499999999971e+03 1.089502212747204577e-16
8.411757499999999709e+03 1.039697752148281557e-16
8.417595499999999447e+03 1.184117897964463832e-16
8.423433499999999185e+03 1.346087537204033043e-16
8.429271499999998923e+03 1.277876186461419620e-16
8.435109500000000480e+03 1.498613084224027254e-16
8.440947500000000218e+03 9.749999637067307067e-17
8.446785499999999956e+03 1.077914660189062098e-16
8.452623500000001513e+03 1.088224736227600241e-16
8.458461500000001251e+03 1.239173242943976081e-16
8.464299500000000990e+03 1.457044580966374843e-16
8.470137500000000728e+03 1.569822354086676967e-16
8.475975500000000466e+03 1.249401302010013308e-16
8.481813500000000204e+03 1.423491333857141106e-16
8.487651499999999942e+03 1.454231326040100111e-16
8.493489499999999680e+03 1.325113246073797028e-16
8.499327499999999418e+03 1.495510669894367626e-16
8.505165499999999156e+03 1.300927870812578904e-16
8.511003499999998894e+03 1.331733491724452118e-16
8.516841500000000451e+03 1.303610233318245386e-16
8.522679500000000189e+03 1.479934187751818852e-16
8.528517499999999927e+03 1.361924043908509384e-16
8.534355500000001484e+03 1.358733333956911050e-16
8.540193500000001222e+03 1.127702766061938773e-16
8.546031500000000960e+03 1.286457474045673365e-16
8.551869500000000698e+03 1.363443180923680777e-16
8.557707500000000437e+03 1.218671403737053939e-16
8.563545500000000175e+03 1.225316711534540117e-16
8.569383499999999913e+03 1.174274594446607379e-16
8.575221499999999651e+03 1.314650601256519062e-16
8.581059499999999389e+03 1.498555081924219237e-16
8.586897499999999127e+03 1.236752000762457696e-16
8.592735499999998865e+03 1.280797874015810640e-16
8.598573500000000422e+03 1.295037055592357305e-16
8.604411500000000160e+03 1.381307331645862525e-16
8.610249499999999898e+03 1.333566700516329131e-16
8.616087500000001455e+03 1.221688154459211419e-16
8.621925500000001193e+03 1.173661638995078253e-16
8.627763500000000931e+03 1.245813728851388735e-16
8.633601500000000669e+03 1.239934136749723474e-16
8.639439500000000407e+03 1.151457541628052248e-16
8.645277500000000146e+03 9.979807385635677012e-17
8.651115499999999884e+03 1.083182332356364113e-16
8.656953499999999622e+03 1.189446605259358484e-16
8.662791499999999360e+03 1.116285989432006711e-16
8.668629499999999098e+03 1.171273645685394041e-16
8.674467499999998836e+03 1.441679457150880227e-16
8.680305500000000393e+03 1.139548681529622781e-16
8.686143500000000131e+03 1.316069628399531852e-16
8.691981499999999869e+03 1.123657478569930528e-16
8.697819500000001426e+03 1.263328377304722765e-16
