wave flux err
11198.0 1.7030914891864945e-17 9.99172063711567e-19
11244.0 1.5051282197348386e-17 9.737906890793754e-19
11290.0 1.4937937451747434e-17 9.627943563735716e-19
11336.0 1.4874676779702528e-17 9.471226964573002e-19
11382.0 1.5452247791737374e-17 9.368463192010313e-19
11428.0 1.4462256107993508e-17 9.224560321343037e-19
11474.0 1.4388309320019298e-17 9.126761623372466e-19
11520.0 1.532772038564346e-17 9.160202475116792e-19
11566.0 1.5283475770438558e-17 9.27182624713661e-19
11612.0 1.3663389503401878e-17 9.180849934821153e-19
11658.0 1.3807670328825094e-17 8.856615202185365e-19
11704.0 1.4769276689745737e-17 8.72702249984762e-19
11750.0 1.2850898281035875e-17 8.517362902416345e-19
11796.0 1.3388605502083634e-17 8.551563773382548e-19
11842.0 1.1553624646655143e-17 8.3538183810663175e-19
11888.0 1.1661615634320387e-17 8.196915160654092e-19
11934.0 1.0838739321812001e-17 8.068774116757961e-19
11980.0 1.0560840681160056e-17 8.227609570573561e-19
12026.0 1.0448888299803197e-17 7.988036051267078e-19
12072.0 9.862059397391028e-18 7.861365478697691e-19
12118.0 9.775361144197891e-18 7.857209294469151e-19
12164.0 8.589011044060945e-18 7.78889366310383e-19
12210.0 9.288297617237091e-18 7.635643915408958e-19
12256.0 8.918904178239719e-18 7.613883105927427e-19
12302.0 9.895873076624686e-18 7.67544724049475e-19
12348.0 8.808679036427263e-18 7.535738013645714e-19
12394.0 9.200198701139325e-18 8.593869054988303e-19
12440.0 1.086783574386664e-17 8.608065023495083e-19
12486.0 8.50919759628585e-18 7.421888942998449e-19
12532.0 9.246295122825266e-18 7.431076712750021e-19
12578.0 9.537266272114599e-18 7.374427317109082e-19
12624.0 7.741373708246222e-18 7.365943826840498e-19
12670.0 8.000753970392795e-18 7.346709173500041e-19
12716.0 8.99488887620519e-18 7.345897724505917e-19
12762.0 6.371087728163997e-18 7.2418825535057035e-19
12808.0 9.138783844470775e-18 7.207646532129524e-19
12854.0 8.215979970738749e-18 7.164338825073449e-19
12900.0 7.706015807468129e-18 7.16797248749608e-19
12946.0 7.295231719667716e-18 7.124299870046182e-19
12992.0 8.273410802934892e-18 7.06981108932141e-19
13038.0 7.20538999962067e-18 7.015240227664743e-19
13084.0 7.56832196106179e-18 6.990038866706444e-19
13130.0 6.6981264654580466e-18 6.953962295814224e-19
13176.0 8.925038158814949e-18 6.916682936795689e-19
13222.0 8.034650644643202e-18 6.891019589077958e-19
13268.0 8.23451821124834e-18 6.819123750406673e-19
13314.0 7.682959341826747e-18 6.8315427211094615e-19
13360.0 7.541860825259483e-18 6.839096717905573e-19
13406.0 8.861999690152201e-18 6.804230975791657e-19
13452.0 7.738752379570382e-18 6.763978147141754e-19
13498.0 8.305741551752689e-18 6.727104260948739e-19
13544.0 7.792892152795874e-18 6.736165205388332e-19
13590.0 8.137010744042539e-18 6.7273260723286e-19
13636.0 7.74160351857511e-18 6.745722875443e-19
13682.0 8.522202267319162e-18 6.781854129954341e-19
13728.0 9.376361423830813e-18 6.792274071035228e-19
13774.0 8.662411237731525e-18 6.835880327469117e-19
13820.0 9.678709774810437e-18 7.953926441946242e-19
13866.0 8.083947872454054e-18 7.899918176724219e-19
13912.0 9.599606057214727e-18 6.853686054814826e-19
13958.0 1.0438239191238773e-17 6.866080004220591e-19
14004.0 9.433667557497557e-18 6.866700639211185e-19
14050.0 8.781558538057828e-18 6.824174407747457e-19
14096.0 1.0354260291059129e-17 6.780532553101009e-19
14142.0 1.0607570376644822e-17 6.728935579597653e-19
14188.0 9.541059458654253e-18 6.71541366927569e-19
14234.0 9.752650764651743e-18 6.761565789299622e-19
14280.0 1.0363755570101734e-17 6.730746966782216e-19
14326.0 9.375070572080162e-18 6.785786439143011e-19
14372.0 7.685181605196317e-18 6.649011837261093e-19
14418.0 8.266543331708837e-18 6.604179981949603e-19
14464.0 1.0150499995457548e-17 6.699529059189544e-19
14510.0 8.494016630697345e-18 6.763756507135166e-19
14556.0 8.616466125903188e-18 6.763917377702986e-19
14602.0 9.772413930762814e-18 6.677711965357363e-19
14648.0 8.366457432866497e-18 6.718351243309874e-19
14694.0 9.193328505124606e-18 6.749156243471357e-19
14740.0 8.06283835884128e-18 6.834445107622251e-19
14786.0 1.0622419801045415e-17 6.80514366531949e-19
14832.0 7.719239963516968e-18 6.740782583838913e-19
14878.0 8.404982283325117e-18 6.656704082321246e-19
14924.0 7.411940242986748e-18 6.765079021831072e-19
14970.0 7.882596349521509e-18 6.802449813861759e-19
15016.0 7.585980455810681e-18 6.620635825150808e-19
15062.0 7.002919918601453e-18 6.700753696319375e-19
15108.0 8.140499845100776e-18 6.661270753627208e-19
15154.0 7.48763167043248e-18 6.822095906980412e-19
15200.0 8.514109597189427e-18 9.414608336851586e-19
15246.0 7.914469295054495e-18 6.730324362276119e-19
15292.0 7.018015097549736e-18 6.646635851150599e-19
15338.0 7.914250375682646e-18 6.81400142450846e-19
15384.0 7.376943803512291e-18 6.653169141610809e-19
15430.0 8.130437404832439e-18 6.824744503526398e-19
15476.0 8.865323570466882e-18 6.712570339854354e-19
15522.0 7.757032604134692e-18 6.8233021561046355e-19
15568.0 9.859366577173138e-18 6.720690782233574e-19
15614.0 8.723951999874977e-18 6.798367653784661e-19
15660.0 1.0102517366746471e-17 6.763795407808985e-19
15706.0 9.144746168337145e-18 6.807677937042299e-19
15752.0 8.433847620800355e-18 6.690653289086748e-19
15798.0 9.721076770729326e-18 6.667859069259956e-19
15844.0 9.909248569415376e-18 6.668061997545368e-19
15890.0 9.753793518428261e-18 6.685170911878779e-19
15936.0 8.78999119804455e-18 6.697131315080147e-19
15982.0 1.1395834347755135e-17 6.720878387427188e-19
16028.0 1.0839569523300744e-17 6.746235247015573e-19
16074.0 1.191554802099597e-17 6.761765224513977e-19
16120.0 9.882734347291868e-18 6.746372263806008e-19
16166.0 9.512951565725723e-18 6.763275283768839e-19
16212.0 1.1096104544698048e-17 6.846094578789048e-19
16258.0 1.1409110626500108e-17 6.870629913800475e-19
16304.0 1.1428041680637103e-17 6.936964024573259e-19
16350.0 1.0832376694832021e-17 6.953855481819853e-19
16396.0 1.0362882302258373e-17 6.953138792216716e-19
16442.0 1.2015070970373933e-17 6.9889796686074715e-19
16488.0 1.0758620328892967e-17 6.981218701518842e-19
16534.0 1.1132881197408539e-17 7.124335369592663e-19
16580.0 1.0381772553302351e-17 7.358550995798781e-19
16626.0 1.2707944050079886e-17 9.192567684548301e-19
16672.0 9.433631702754618e-18 8.675841579208315e-19
16718.0 1.1265217270270573e-17 1.1350752826116417e-18
16764.0 1.0864033738939392e-17 1.168117216904062e-18
16810.0 1.1306898121635054e-17 1.4655853825905095e-18
16856.0 8.919094344644468e-18 1.888579596333949e-18
16902.0 1.4677430183615797e-17 2.4615953253820444e-18
16948.0 1.5026635461817404e-17 3.0739543258993137e-18
16994.0 1.8472120631616927e-17 3.7940762571214366e-18
17040.0 1.9159432617737256e-17 4.728022169494354e-18
17086.0 2.757248868915151e-17 6.022872863967779e-18
17132.0 2.7705619441180433e-17 7.58199719831175e-18
17178.0 1.7795354114714595e-17 1.0322701951888965e-17
17224.0 3.519859001477027e-18 1.85995872298432e-17
17270.0 7.962706836914833e-17 8.581728157052086e-17
